logdensity,dataset,model
-1.98404096435046,in-sample,functional
-1.99457151547974,in-sample,functional
-2.01344088464836,in-sample,functional
-1.99079640676415,in-sample,functional
-1.96117029318532,in-sample,functional
-1.97090762006421,in-sample,functional
-1.9770837665527,in-sample,functional
-1.99875104341544,in-sample,functional
-1.97021399898246,in-sample,functional
-2.00822093419433,in-sample,functional
-1.98449844350854,in-sample,functional
-1.9571409277918,in-sample,functional
-1.97363086789954,in-sample,functional
-1.99690499651359,in-sample,functional
-1.97625515614847,in-sample,functional
-1.97663045720338,in-sample,functional
-2.00764280808612,in-sample,functional
-1.96295815502499,in-sample,functional
-1.98179729566969,in-sample,functional
-1.9763583521032,in-sample,functional
-1.99763061068908,in-sample,functional
-1.99111809262176,in-sample,functional
-1.98714495362858,in-sample,functional
-2.00521317988219,in-sample,functional
-1.9865010544499,in-sample,functional
-1.97447967612418,in-sample,functional
-2.00342722529873,in-sample,functional
-2.00210472562688,in-sample,functional
-1.94371646163244,in-sample,functional
-1.98068197642827,in-sample,functional
-2.0327703288487,in-sample,functional
-1.9694681580314,in-sample,functional
-2.02568568687223,in-sample,functional
-2.00857998436631,in-sample,functional
-1.99643956596749,in-sample,functional
-1.98974022332577,in-sample,functional
-2.00853329740893,in-sample,functional
-2.0155665304109,in-sample,functional
-1.98635776170407,in-sample,functional
-1.99703852622994,in-sample,functional
-2.02771737197224,in-sample,functional
-1.96754925310116,in-sample,functional
-1.98667460528666,in-sample,functional
-1.98871733834262,in-sample,functional
-2.0024893935458,in-sample,functional
-1.99989242362654,in-sample,functional
-1.99240744984288,in-sample,functional
-2.00399755845848,in-sample,functional
-1.95462636542961,in-sample,functional
-2.02109480507045,in-sample,functional
-1.96780469934643,in-sample,functional
-1.96819883030711,in-sample,functional
-1.98404660714942,in-sample,functional
-1.953919255201,in-sample,functional
-1.97351202920968,in-sample,functional
-2.00615127499279,in-sample,functional
-1.99986604357567,in-sample,functional
-1.99139385206426,in-sample,functional
-1.96820897711342,in-sample,functional
-2.04732850183362,in-sample,functional
-1.96277221217499,in-sample,functional
-1.96950416621166,in-sample,functional
-1.99670485788441,in-sample,functional
-1.9865173130883,in-sample,functional
-1.99087997232453,in-sample,functional
-2.02018770008141,in-sample,functional
-1.99355930962346,in-sample,functional
-2.00155635523833,in-sample,functional
-1.96566924750962,in-sample,functional
-1.9841655127122,in-sample,functional
-2.0083193998379,in-sample,functional
-2.06418286211891,in-sample,functional
-1.96463746165018,in-sample,functional
-2.00460463925256,in-sample,functional
-2.02927712641419,in-sample,functional
-1.94608673464328,in-sample,functional
-2.01656939150021,in-sample,functional
-1.98551222146553,in-sample,functional
-2.01284648312247,in-sample,functional
-1.92196761545935,in-sample,functional
-1.9875810329029,in-sample,functional
-1.98332131122868,in-sample,functional
-2.01346248948765,in-sample,functional
-1.98144118656615,in-sample,functional
-2.00665699524566,in-sample,functional
-2.0086131667279,in-sample,functional
-1.93862763719526,in-sample,functional
-1.95650086715695,in-sample,functional
-1.93190850836324,in-sample,functional
-1.98303955698678,in-sample,functional
-1.97543528375217,in-sample,functional
-1.99746702386489,in-sample,functional
-1.97784836015642,in-sample,functional
-1.91520076975484,in-sample,functional
-1.9518485630148,in-sample,functional
-1.99163827302396,in-sample,functional
-1.99179415110938,in-sample,functional
-1.99558142423377,in-sample,functional
-1.96786337830311,in-sample,functional
-1.96262455320068,in-sample,functional
-1.99470935183726,in-sample,functional
-1.9388323870149,in-sample,functional
-2.00085031971709,in-sample,functional
-1.99135960078859,in-sample,functional
-1.97635651379415,in-sample,functional
-1.98256143077029,in-sample,functional
-1.97299706835953,in-sample,functional
-1.97892589695279,in-sample,functional
-1.98910704332836,in-sample,functional
-1.97062677658298,in-sample,functional
-1.93291146965315,in-sample,functional
-1.96058351318024,in-sample,functional
-1.98490710867459,in-sample,functional
-1.97660446666557,in-sample,functional
-1.96250907182895,in-sample,functional
-1.97483151548907,in-sample,functional
-1.97367878344107,in-sample,functional
-2.00820623098871,in-sample,functional
-1.93715238180229,in-sample,functional
-1.97567313997586,in-sample,functional
-1.97290636496086,in-sample,functional
-1.98999982072466,in-sample,functional
-1.97994671516643,in-sample,functional
-1.97807204551017,in-sample,functional
-2.02155650027449,in-sample,functional
-1.99602476295427,in-sample,functional
-1.96592870571198,in-sample,functional
-2.00346038652013,in-sample,functional
-1.97655925200734,in-sample,functional
-1.94455882991438,in-sample,functional
-1.95762412618594,in-sample,functional
-1.98262373063989,in-sample,functional
-1.91569488470275,in-sample,functional
-1.99978279389015,in-sample,functional
-1.99434541026275,in-sample,functional
-1.9761999590284,in-sample,functional
-1.91583215988664,in-sample,functional
-1.94854949886197,in-sample,functional
-2.01716538738669,in-sample,functional
-1.97493146870032,in-sample,functional
-2.01116323261452,in-sample,functional
-2.01995499801701,in-sample,functional
-1.97795944913921,in-sample,functional
-1.95994930343204,in-sample,functional
-1.98844928278934,in-sample,functional
-1.98388339256487,in-sample,functional
-2.01821741596736,in-sample,functional
-1.98783209112993,in-sample,functional
-1.96037419249727,in-sample,functional
-1.96777370183529,in-sample,functional
-1.98657454805115,in-sample,functional
-1.9872816394869,in-sample,functional
-1.9801054939991,in-sample,functional
-1.9942135826739,in-sample,functional
-1.96357797518993,in-sample,functional
-1.97924348838084,in-sample,functional
-1.98940963774411,in-sample,functional
-1.98525595441886,in-sample,functional
-1.99879075449302,in-sample,functional
-1.97863905970663,in-sample,functional
-1.96744449545015,in-sample,functional
-1.99227905805777,in-sample,functional
-2.02661928970104,in-sample,functional
-1.96412067719093,in-sample,functional
-1.97114964851262,in-sample,functional
-1.97272611058326,in-sample,functional
-1.99053554301437,in-sample,functional
-1.9908328453106,in-sample,functional
-1.95376319188932,in-sample,functional
-2.00139382312207,in-sample,functional
-1.99333592961008,in-sample,functional
-1.9626468789754,in-sample,functional
-1.97968057701775,in-sample,functional
-1.97384285869851,in-sample,functional
-2.02749173765311,in-sample,functional
-1.97707236906283,in-sample,functional
-1.96684974249243,in-sample,functional
-1.97273878295672,in-sample,functional
-1.98063673087503,in-sample,functional
-1.9875892867893,in-sample,functional
-1.96751008107867,in-sample,functional
-1.98187361986033,in-sample,functional
-1.99680328348149,in-sample,functional
-1.9765955056677,in-sample,functional
-1.96692210600885,in-sample,functional
-1.94610573168311,in-sample,functional
-2.0109175519329,in-sample,functional
-1.97008663168148,in-sample,functional
-1.9768628173315,in-sample,functional
-1.95645020949763,in-sample,functional
-1.98151193050223,in-sample,functional
-2.01029832882621,in-sample,functional
-1.96772162593615,in-sample,functional
-1.96378615112159,in-sample,functional
-1.96982288387595,in-sample,functional
-2.0085773419778,in-sample,functional
-1.9957023037516,in-sample,functional
-2.00056861070029,in-sample,functional
-2.00064955607249,in-sample,functional
-2.00862871461796,in-sample,functional
-1.95049918823542,in-sample,functional
-2.00602133425027,in-sample,functional
-1.99631312633267,in-sample,functional
-1.99942977566222,in-sample,functional
-1.95033065705638,in-sample,functional
-1.96998511575112,in-sample,functional
-1.99692257204995,in-sample,functional
-1.99179811204889,in-sample,functional
-1.98493709748802,in-sample,functional
-1.98501457886592,in-sample,functional
-2.03412597734401,in-sample,functional
-1.96174066809025,in-sample,functional
-2.01706622507776,in-sample,functional
-1.96003454071142,in-sample,functional
-2.00551684502904,in-sample,functional
-2.0109029134069,in-sample,functional
-1.96460885309677,in-sample,functional
-2.01244083013745,in-sample,functional
-1.9997061305132,in-sample,functional
-2.01772962764952,in-sample,functional
-1.99977698456292,in-sample,functional
-1.99342710230809,in-sample,functional
-1.99020206316873,in-sample,functional
-2.0163713191674,in-sample,functional
-2.00948637948045,in-sample,functional
-1.95951481115476,in-sample,functional
-1.97459748445279,in-sample,functional
-1.99899036593985,in-sample,functional
-1.97725242696256,in-sample,functional
-1.99512674390172,in-sample,functional
-1.97712253279991,in-sample,functional
-1.99472157996432,in-sample,functional
-2.04399786708753,in-sample,functional
-1.97485316697842,in-sample,functional
-2.02494718174807,in-sample,functional
-1.95248204491849,in-sample,functional
-2.00552600816933,in-sample,functional
-1.99778310115032,in-sample,functional
-1.98936846747854,in-sample,functional
-1.9984568720218,in-sample,functional
-1.96900758144848,in-sample,functional
-1.99341796758169,in-sample,functional
-2.02288313750672,in-sample,functional
-1.99765362607519,in-sample,functional
-1.97261630428677,in-sample,functional
-2.03623305319859,in-sample,functional
-1.96422388835379,in-sample,functional
-1.9953299077479,in-sample,functional
-2.01083864735682,in-sample,functional
-1.96337836434585,in-sample,functional
-1.97418328480264,in-sample,functional
-2.00661964964856,in-sample,functional
-2.00508638737139,in-sample,functional
-1.99726038294254,in-sample,functional
-1.95535948867474,in-sample,functional
-1.99614314577962,in-sample,functional
-2.00332245090465,in-sample,functional
-2.00500207439471,in-sample,functional
-2.01074841829825,in-sample,functional
-1.96450890540001,in-sample,functional
-1.981776800024,in-sample,functional
-2.02084285678224,in-sample,functional
-1.99380084472624,in-sample,functional
-1.97533695419116,in-sample,functional
-1.99144292780346,in-sample,functional
-2.02612057586171,in-sample,functional
-1.97179766296832,in-sample,functional
-1.98330975749279,in-sample,functional
-2.02257732310376,in-sample,functional
-2.00621340361545,in-sample,functional
-1.94057840325426,in-sample,functional
-2.03228777819511,in-sample,functional
-1.96290246753894,in-sample,functional
-2.03522238796553,in-sample,functional
-1.92437599845494,in-sample,functional
-2.03232068900934,in-sample,functional
-1.98778093130071,in-sample,functional
-1.93916564560897,in-sample,functional
-1.99080084467474,in-sample,functional
-1.98664309397997,in-sample,functional
-2.02001422471477,in-sample,functional
-1.98755600022632,in-sample,functional
-1.98247941887152,in-sample,functional
-1.996907980842,in-sample,functional
-1.99071511564899,in-sample,functional
-2.02170916124509,in-sample,functional
-1.95563131203779,in-sample,functional
-2.0310376257317,in-sample,functional
-1.97729847437979,in-sample,functional
-2.03342770727172,in-sample,functional
-1.96649663994348,in-sample,functional
-2.00750902961488,in-sample,functional
-1.98545636634762,in-sample,functional
-2.01527444639988,in-sample,functional
-1.98962783602129,in-sample,functional
-1.98273801319908,in-sample,functional
-1.97804951476089,in-sample,functional
-2.02176718494429,in-sample,functional
-1.95947345345005,in-sample,functional
-1.98761753813964,in-sample,functional
-2.03170950259631,in-sample,functional
-1.96697468535306,in-sample,functional
-1.97182898043447,in-sample,functional
-1.96502836085505,in-sample,functional
-2.00550235429782,in-sample,functional
-1.98143281833868,in-sample,functional
-1.96524818765411,in-sample,functional
-2.01529767319316,in-sample,functional
-1.97642498527292,in-sample,functional
-1.94342098930091,in-sample,functional
-1.9813883969906,in-sample,functional
-1.97335194465728,in-sample,functional
-1.94750668477739,in-sample,functional
-1.97949770258154,in-sample,functional
-1.9907159633175,in-sample,functional
-2.01773302585199,in-sample,functional
-1.99091601549721,in-sample,functional
-1.97671598707375,in-sample,functional
-1.99741331900495,in-sample,functional
-1.9546917544554,in-sample,functional
-1.98651695144981,in-sample,functional
-1.98904220454276,in-sample,functional
-1.94662100964207,in-sample,functional
-1.99646809232835,in-sample,functional
-1.94061618998916,in-sample,functional
-2.04777007538252,in-sample,functional
-1.93966272496625,in-sample,functional
-1.95140825726267,in-sample,functional
-1.99000575359034,in-sample,functional
-1.95549752115165,in-sample,functional
-1.9716435991301,in-sample,functional
-1.9341518845151,in-sample,functional
-1.97687292012349,in-sample,functional
-2.0347444367376,in-sample,functional
-1.95092977069699,in-sample,functional
-1.94026332080619,in-sample,functional
-1.99442821648488,in-sample,functional
-1.98915213052967,in-sample,functional
-2.00990329368003,in-sample,functional
-1.99602332488928,in-sample,functional
-1.95746445299482,in-sample,functional
-2.04404926095116,in-sample,functional
-1.91985117688445,in-sample,functional
-1.95744622382741,in-sample,functional
-1.96963659527047,in-sample,functional
-1.92764202126648,in-sample,functional
-2.00854342897663,in-sample,functional
-2.02464921370779,in-sample,functional
-1.9630070961509,in-sample,functional
-2.00966146369749,in-sample,functional
-1.96423481704798,in-sample,functional
-1.99755771979392,in-sample,functional
-1.97964758623593,in-sample,functional
-1.99758204376121,in-sample,functional
-1.91900094860193,in-sample,functional
-2.00876402347177,in-sample,functional
-1.96466617338192,in-sample,functional
-1.97843562842075,in-sample,functional
-1.99546208145856,in-sample,functional
-2.0010620253408,in-sample,functional
-1.99019151996111,in-sample,functional
-1.98577653651155,in-sample,functional
-2.04763190837246,in-sample,functional
-1.98585901975986,in-sample,functional
-1.98074268407754,in-sample,functional
-1.95313616241708,in-sample,functional
-1.97409926849768,in-sample,functional
-1.97103033496186,in-sample,functional
-1.99215887344504,in-sample,functional
-1.9998356188088,in-sample,functional
-1.96544939324684,in-sample,functional
-2.00605131415619,in-sample,functional
-1.98498646705028,in-sample,functional
-1.99157410180858,in-sample,functional
-1.99599897203951,in-sample,functional
-1.98986250684959,in-sample,functional
-2.0036869300599,in-sample,functional
-1.97649232296961,in-sample,functional
-1.97195605265329,in-sample,functional
-1.99492924664977,in-sample,functional
-1.96811418724376,in-sample,functional
-2.01940652353608,in-sample,functional
-2.00063630389094,in-sample,functional
-2.02615794961003,in-sample,functional
-1.97776960982121,in-sample,functional
-1.99307370852885,in-sample,functional
-1.97787113929229,in-sample,functional
-2.03230771134896,in-sample,functional
-1.9882213403819,in-sample,functional
-1.99933174732819,in-sample,functional
-1.94394507078571,in-sample,functional
-1.98875870926334,in-sample,functional
-1.95624483425921,in-sample,functional
-1.99244649330922,in-sample,functional
-1.94193047858432,in-sample,functional
-1.99290044634544,in-sample,functional
-2.01644132829523,in-sample,functional
-1.93539863151241,in-sample,functional
-1.95771360720338,in-sample,functional
-1.98260876344494,in-sample,functional
-1.97062728926191,in-sample,functional
-1.99637607852882,in-sample,functional
-2.01074636087758,in-sample,functional
-1.97108266177364,in-sample,functional
-1.96060593019523,in-sample,functional
-1.99909917353276,in-sample,functional
-1.97171211869621,in-sample,functional
-2.01518798419115,in-sample,functional
-1.9960197821682,in-sample,functional
-1.98671230995538,in-sample,functional
-1.9444369082986,in-sample,functional
-1.98783853825975,in-sample,functional
-1.98539408410397,in-sample,functional
-1.99280218910446,in-sample,functional
-2.02247369559569,in-sample,functional
-1.99614205295542,in-sample,functional
-1.99864666160485,in-sample,functional
-1.95396964908481,in-sample,functional
-1.9914161474277,in-sample,functional
-1.99095969605385,in-sample,functional
-1.96027405843451,in-sample,functional
-1.99448423721634,in-sample,functional
-1.9812447158541,in-sample,functional
-1.96132153225695,in-sample,functional
-1.97551145143423,in-sample,functional
-2.01894926763456,in-sample,functional
-1.97128800588887,in-sample,functional
-2.01753574774781,in-sample,functional
-1.99230355519534,in-sample,functional
-1.97953573187414,in-sample,functional
-2.00977686938081,in-sample,functional
-2.0036801506989,in-sample,functional
-1.96727449715809,in-sample,functional
-1.96826810691651,in-sample,functional
-2.00131404388168,in-sample,functional
-1.97714108173709,in-sample,functional
-1.95152303129895,in-sample,functional
-2.00360665333822,in-sample,functional
-1.99809232750771,in-sample,functional
-1.98817192773882,in-sample,functional
-1.93425334391888,in-sample,functional
-2.02021553062065,in-sample,functional
-1.98343904532585,in-sample,functional
-2.01571854588046,in-sample,functional
-2.00908219417304,in-sample,functional
-1.92040428833079,in-sample,functional
-2.03357628293013,in-sample,functional
-1.98666473989269,in-sample,functional
-1.99214070189193,in-sample,functional
-1.98249279585797,in-sample,functional
-1.98550375038344,in-sample,functional
-1.98294029564546,in-sample,functional
-1.98287265030674,in-sample,functional
-1.95108245863313,in-sample,functional
-2.00517225858696,in-sample,functional
-1.99656659435022,in-sample,functional
-2.00401486443082,in-sample,functional
-1.9634905313624,in-sample,functional
-2.00445980741185,in-sample,functional
-1.97884773001248,in-sample,functional
-1.99651237662457,in-sample,functional
-1.94593177548079,in-sample,functional
-1.99350951817403,in-sample,functional
-1.99508657070427,in-sample,functional
-2.02635819639919,in-sample,functional
-1.99950109075562,in-sample,functional
-1.96425637873321,in-sample,functional
-2.00953893962395,in-sample,functional
-2.00757016271518,in-sample,functional
-1.96464335395331,in-sample,functional
-2.01011157784912,in-sample,functional
-1.99916081104456,in-sample,functional
-1.99459156796831,in-sample,functional
-1.99735075819516,in-sample,functional
-1.98595482638109,in-sample,functional
-2.03125732961203,in-sample,functional
-2.02040347467762,in-sample,functional
-1.94513231032361,in-sample,functional
-1.99216995457566,in-sample,functional
-2.04779329452433,in-sample,functional
-1.97883239058214,in-sample,functional
-2.01220670594504,in-sample,functional
-2.02419214723859,in-sample,functional
-1.99056763958976,in-sample,functional
-2.0001190650917,in-sample,functional
-1.98543507304441,in-sample,functional
-1.99274910183762,in-sample,functional
-2.00920583977926,in-sample,functional
-1.98217637892297,in-sample,functional
-1.9792248410289,in-sample,functional
-1.96736410294564,in-sample,functional
-1.97701024580635,in-sample,functional
-2.01098173083828,in-sample,functional
-2.01021346773146,in-sample,functional
-1.98211556550461,in-sample,functional
-2.00294949984712,in-sample,functional
-1.96772216278674,in-sample,functional
-2.01726786817096,in-sample,functional
-2.01013622366894,in-sample,functional
-1.98966321270935,in-sample,functional
-2.06020979021579,in-sample,functional
-1.95983185003065,in-sample,functional
-2.00500455868415,in-sample,functional
-1.99070316214199,in-sample,functional
-1.9833611740416,in-sample,functional
-1.99317068944056,in-sample,functional
-1.97347495863432,in-sample,functional
-2.00355940383823,in-sample,functional
-1.98907074141385,in-sample,functional
-1.95946884163631,in-sample,functional
-2.02517277472726,in-sample,functional
-1.99046662829167,in-sample,functional
-2.01387392701329,in-sample,functional
-1.98855791985445,in-sample,functional
-2.00791088124333,in-sample,functional
-1.99152291481588,in-sample,functional
-1.99889573409222,in-sample,functional
-2.0430328915394,in-sample,functional
-1.92076736412339,in-sample,functional
-1.96227005172182,in-sample,functional
-1.98622609364166,in-sample,functional
-2.0267480500015,in-sample,functional
-1.93939654679451,in-sample,functional
-1.99297475736862,in-sample,functional
-1.97400514874443,in-sample,functional
-1.9736379390263,in-sample,functional
-2.01879908768413,in-sample,functional
-1.9615607873972,in-sample,functional
-2.01116561917987,in-sample,functional
-1.97865342092805,in-sample,functional
-2.03911567170508,in-sample,functional
-1.95801550574585,in-sample,functional
-1.99402673156943,in-sample,functional
-2.0164684984394,in-sample,functional
-1.99092205538344,in-sample,functional
-1.96816715462621,in-sample,functional
-1.95340492015479,in-sample,functional
-2.0110979165001,in-sample,functional
-2.00375920508434,in-sample,functional
-1.99544979339823,in-sample,functional
-1.98915668499861,in-sample,functional
-2.02517284981914,in-sample,functional
-1.92117698805585,in-sample,functional
-1.98862531641178,in-sample,functional
-1.94660947734566,in-sample,functional
-2.01925668878863,in-sample,functional
-1.99977346377715,in-sample,functional
-1.9478813226215,in-sample,functional
-1.95982399775824,in-sample,functional
-2.01446726134091,in-sample,functional
-1.99856003868263,in-sample,functional
-2.05054616557522,in-sample,functional
-1.9777748415347,in-sample,functional
-2.0062002609481,in-sample,functional
-2.03109609235658,in-sample,functional
-2.00722958042317,in-sample,functional
-1.96296522480901,in-sample,functional
-2.00203334061347,in-sample,functional
-1.98553938630176,in-sample,functional
-1.99561238799986,in-sample,functional
-2.00046348648438,in-sample,functional
-2.00187462364152,in-sample,functional
-1.98446211807159,in-sample,functional
-1.99070190482933,in-sample,functional
-1.98536010415804,in-sample,functional
-2.00728400046382,in-sample,functional
-1.98858775848804,in-sample,functional
-1.96937943158694,in-sample,functional
-2.01517496485493,in-sample,functional
-1.99515427422701,in-sample,functional
-2.02306371422919,in-sample,functional
-2.00333708305044,in-sample,functional
-1.98361172281471,in-sample,functional
-1.97619279297982,in-sample,functional
-1.99749531884346,in-sample,functional
-2.02729891554972,in-sample,functional
-2.00587965207128,in-sample,functional
-1.97839138757482,in-sample,functional
-1.98498847090211,in-sample,functional
-2.00775931374669,in-sample,functional
-1.97263968566899,in-sample,functional
-1.99863033538226,in-sample,functional
-1.959256480889,in-sample,functional
-1.96784944361842,in-sample,functional
-2.00427476692398,in-sample,functional
-1.97914602580006,in-sample,functional
-1.97535401673635,in-sample,functional
-2.00330748606002,in-sample,functional
-1.99588945621891,in-sample,functional
-2.00771639104964,in-sample,functional
-1.95023155408314,in-sample,functional
-2.02021203429271,in-sample,functional
-2.0078109242069,in-sample,functional
-1.97333638744374,in-sample,functional
-2.00869949527517,in-sample,functional
-1.95046627398677,in-sample,functional
-1.98536143872005,in-sample,functional
-1.98455984884799,in-sample,functional
-1.95081424671649,in-sample,functional
-1.99001749125192,in-sample,functional
-2.0434143183115,in-sample,functional
-1.95189785540426,in-sample,functional
-1.97717347176878,in-sample,functional
-2.00441661991647,in-sample,functional
-1.96874959974631,in-sample,functional
-1.97334305379249,in-sample,functional
-1.92793959011765,in-sample,functional
-2.01185102147598,in-sample,functional
-1.93170197865194,in-sample,functional
-1.99274815557436,in-sample,functional
-2.01685562937965,in-sample,functional
-1.94701959245371,in-sample,functional
-1.96555146183493,in-sample,functional
-1.99974264600158,in-sample,functional
-2.01001018658601,in-sample,functional
-1.96809383189028,in-sample,functional
-1.99825169212958,in-sample,functional
-1.9503199104817,in-sample,functional
-1.99601722243872,in-sample,functional
-1.98533987089187,in-sample,functional
-2.00004726879337,in-sample,functional
-1.94581577109939,in-sample,functional
-2.02773314756672,in-sample,functional
-2.00057297407355,in-sample,functional
-2.00392429231706,in-sample,functional
-1.98330112517308,in-sample,functional
-2.00621550297,in-sample,functional
-1.9815800854893,in-sample,functional
-2.00927665643498,in-sample,functional
-1.96886652170502,in-sample,functional
-1.99139180070563,in-sample,functional
-1.97980090414417,in-sample,functional
-1.99140487493652,in-sample,functional
-2.02613173037676,in-sample,functional
-2.00135635476161,in-sample,functional
-1.97166877193436,in-sample,functional
-1.9801798859945,in-sample,functional
-2.01493132403387,in-sample,functional
-1.97640662585667,in-sample,functional
-2.02153685374972,in-sample,functional
-1.97691979099468,in-sample,functional
-2.01040344675506,in-sample,functional
-1.99070978000841,in-sample,functional
-2.02010188991534,in-sample,functional
-1.9474935027046,in-sample,functional
-1.98848413224489,in-sample,functional
-1.958707222835,in-sample,functional
-1.98191607603703,in-sample,functional
-2.01787847516039,in-sample,functional
-1.98086226363182,in-sample,functional
-1.94657766569294,in-sample,functional
-2.01148200777602,in-sample,functional
-1.96616448256351,in-sample,functional
-1.99576859104367,in-sample,functional
-1.92277920819244,in-sample,functional
-1.92873053233766,in-sample,functional
-1.95015329538349,in-sample,functional
-1.97155941603659,in-sample,functional
-1.98518894276622,in-sample,functional
-1.9920551709249,in-sample,functional
-1.98219373779884,in-sample,functional
-1.96677510402794,in-sample,functional
-1.99564476550333,in-sample,functional
-1.96558281636775,in-sample,functional
-1.95661086620124,in-sample,functional
-1.99256859623935,in-sample,functional
-1.95991543542469,in-sample,functional
-1.99379210246036,in-sample,functional
-1.98120825315272,in-sample,functional
-1.98332379904978,in-sample,functional
-1.97452984274664,in-sample,functional
-1.99541506106035,in-sample,functional
-1.97592221051055,in-sample,functional
-1.9640855729221,in-sample,functional
-2.04208260519837,in-sample,functional
-1.94838425453942,in-sample,functional
-1.96655522356353,in-sample,functional
-2.02949695623489,in-sample,functional
-1.99979202861718,in-sample,functional
-1.966277803757,in-sample,functional
-2.02595026206367,in-sample,functional
-2.0065228271456,in-sample,functional
-1.99850353315652,in-sample,functional
-1.94795785912298,in-sample,functional
-1.99507527374308,in-sample,functional
-2.0099071780913,in-sample,functional
-1.98007920006356,in-sample,functional
-1.96136224290801,in-sample,functional
-2.01450094743997,in-sample,functional
-1.98184830701124,in-sample,functional
-1.96207382326128,in-sample,functional
-2.01079278509758,in-sample,functional
-1.99706685061712,in-sample,functional
-2.00493552339483,in-sample,functional
-1.9122486011222,in-sample,functional
-1.96127489595402,in-sample,functional
-2.00060995144437,in-sample,functional
-1.9903874963518,in-sample,functional
-1.94987819794583,in-sample,functional
-2.03171378734452,in-sample,functional
-1.99546490458553,in-sample,functional
-1.98681828417341,in-sample,functional
-1.98014141161086,in-sample,functional
-2.00400311116842,in-sample,functional
-2.01870861970837,in-sample,functional
-1.94733824246555,in-sample,functional
-2.0117708691221,in-sample,functional
-1.98833996237873,in-sample,functional
-2.0139305308284,in-sample,functional
-2.03116530664552,in-sample,functional
-1.98132819951348,in-sample,functional
-2.04383374597766,in-sample,functional
-1.93658357561434,in-sample,functional
-2.00995313089611,in-sample,functional
-1.9837997210798,in-sample,functional
-1.95389891528852,in-sample,functional
-2.0266475743914,in-sample,functional
-1.98354278734677,in-sample,functional
-2.02326528996296,in-sample,functional
-1.97778357603393,in-sample,functional
-1.94904441816939,in-sample,functional
-2.04466812117882,in-sample,functional
-1.93438293917069,in-sample,functional
-1.97997926679561,in-sample,functional
-2.04249213269558,in-sample,functional
-1.95238835691478,in-sample,functional
-1.98259720650383,in-sample,functional
-2.00938013029686,in-sample,functional
-1.95423032138034,in-sample,functional
-1.99747031402249,in-sample,functional
-1.9779189809476,in-sample,functional
-1.99161405199701,in-sample,functional
-1.97038952288773,in-sample,functional
-2.01113962298415,in-sample,functional
-2.0015398157381,in-sample,functional
-2.00392948912909,in-sample,functional
-1.94885300660704,in-sample,functional
-2.00855066997277,in-sample,functional
-1.95549332195703,in-sample,functional
-1.99419537521216,in-sample,functional
-1.99987051531845,in-sample,functional
-2.0178119231011,in-sample,functional
-1.9911313205413,in-sample,functional
-1.98091221343132,in-sample,functional
-2.00363061360579,in-sample,functional
-2.04672628168855,in-sample,functional
-1.9653092787745,in-sample,functional
-1.98974566379996,in-sample,functional
-1.9983320663,in-sample,functional
-1.99240400010219,in-sample,functional
-2.02260612667765,in-sample,functional
-1.97927395315981,in-sample,functional
-1.95804672980481,in-sample,functional
-2.01101399898157,in-sample,functional
-2.02423060745551,in-sample,functional
-1.93666944132182,in-sample,functional
-2.02419379511043,in-sample,functional
-1.96559426359963,in-sample,functional
-2.024814762914,in-sample,functional
-1.97431119126347,in-sample,functional
-1.99830199810238,in-sample,functional
-2.00599437249379,in-sample,functional
-1.99828608277248,in-sample,functional
-2.01231540417704,in-sample,functional
-1.99350129625402,in-sample,functional
-2.01201337023254,in-sample,functional
-2.01790806277466,in-sample,functional
-1.93780154914566,in-sample,functional
-1.97529700964486,in-sample,functional
-2.03407098926626,in-sample,functional
-1.91638025092446,in-sample,functional
-1.98217314480491,in-sample,functional
-1.94797065601425,in-sample,functional
-2.01113879909951,in-sample,functional
-2.01210554472699,in-sample,functional
-1.94618221423811,in-sample,functional
-1.98909818359607,in-sample,functional
-1.96226566193917,in-sample,functional
-1.98845619760756,in-sample,functional
-1.97879643769563,in-sample,functional
-1.98392730593213,in-sample,functional
-1.99023954516215,in-sample,functional
-1.96659958112317,in-sample,functional
-2.00780346958909,in-sample,functional
-1.97266366147575,in-sample,functional
-1.95549082173276,in-sample,functional
-2.01276592951877,in-sample,functional
-1.94443906833193,in-sample,functional
-2.01723336537022,in-sample,functional
-1.99628757785481,in-sample,functional
-2.00251256390683,in-sample,functional
-1.93143728450817,in-sample,functional
-2.01025973951721,in-sample,functional
-1.95369238091875,in-sample,functional
-2.00042861096748,in-sample,functional
-1.95957636867928,in-sample,functional
-1.93645595610052,in-sample,functional
-2.00706531641583,in-sample,functional
-1.96178963671952,in-sample,functional
-1.99720514045,in-sample,functional
-2.04753724309243,in-sample,functional
-1.96516293456965,in-sample,functional
-2.0241692736496,in-sample,functional
-1.9544979665197,in-sample,functional
-2.02166932394732,in-sample,functional
-1.96470507556114,in-sample,functional
-1.98391110514581,in-sample,functional
-1.98420377975587,in-sample,functional
-1.92219399175705,in-sample,functional
-1.98640604622227,in-sample,functional
-1.98847036311128,in-sample,functional
-1.97980906443798,in-sample,functional
-1.97795815521499,in-sample,functional
-1.97822113821463,in-sample,functional
-1.99783946224162,in-sample,functional
-2.03348868653627,in-sample,functional
-2.03439681747171,in-sample,functional
-1.98933233186006,in-sample,functional
-1.97815410654275,in-sample,functional
-2.00687636504774,in-sample,functional
-1.98769817440482,in-sample,functional
-2.00945131648718,in-sample,functional
-2.00667112729022,in-sample,functional
-1.97413380676305,in-sample,functional
-2.03551311229798,in-sample,functional
-1.96634614453746,in-sample,functional
-2.01031166800743,in-sample,functional
-2.00129911442999,in-sample,functional
-1.97463067550831,in-sample,functional
-2.00005493655668,in-sample,functional
-1.9619335538232,in-sample,functional
-1.99410685849784,in-sample,functional
-1.94389095911963,in-sample,functional
-1.99269862977198,in-sample,functional
-1.97087973753823,in-sample,functional
-1.96205022570013,in-sample,functional
-1.96246236765929,in-sample,functional
-2.01190666055132,in-sample,functional
-1.9854503531136,in-sample,functional
-2.02702451065144,in-sample,functional
-1.96926175593897,in-sample,functional
-1.9504649961728,in-sample,functional
-2.04712039467149,in-sample,functional
-1.95893984105747,in-sample,functional
-1.96823894523035,in-sample,functional
-2.03419171973286,in-sample,functional
-1.97704870999262,in-sample,functional
-2.00896337012834,in-sample,functional
-1.99876403260471,in-sample,functional
-2.02853835557247,in-sample,functional
-1.96594581457537,in-sample,functional
-1.98802465779298,in-sample,functional
-1.97132283280024,in-sample,functional
-2.0167769386209,in-sample,functional
-1.98900900829371,in-sample,functional
-2.0196406117769,in-sample,functional
-1.96820891733417,in-sample,functional
-1.99631440367457,in-sample,functional
-1.97606775339543,in-sample,functional
-2.01166624556077,in-sample,functional
-1.95601309422492,in-sample,functional
-2.03479328591137,in-sample,functional
-1.97489391281641,in-sample,functional
-1.9537589118049,in-sample,functional
-1.96668510001128,in-sample,functional
-2.02321932129539,in-sample,functional
-1.96648009693279,in-sample,functional
-1.96080328013742,in-sample,functional
-1.9497689384274,in-sample,functional
-2.02100236493035,in-sample,functional
-1.97052501059642,in-sample,functional
-1.99515795719436,in-sample,functional
-1.97253579905303,in-sample,functional
-1.99351823069433,in-sample,functional
-1.98556008701914,in-sample,functional
-1.99798984513038,in-sample,functional
-1.96409164453172,in-sample,functional
-2.02261105293916,in-sample,functional
-1.98045577658099,in-sample,functional
-1.99609060145068,in-sample,functional
-1.9706734657669,in-sample,functional
-1.95549362977744,in-sample,functional
-1.97583430129149,in-sample,functional
-2.02978988537936,in-sample,functional
-1.94247129629038,in-sample,functional
-2.0051004671739,in-sample,functional
-1.97095565765708,in-sample,functional
-2.0076957609588,in-sample,functional
-2.01103934590659,in-sample,functional
-2.00155118231163,in-sample,functional
-2.04597570812596,in-sample,functional
-1.92716592303682,in-sample,functional
-1.98782223693498,in-sample,functional
-2.04235694516882,in-sample,functional
-1.99656828271843,in-sample,functional
-1.96786919262574,in-sample,functional
-2.0170894370042,in-sample,functional
-1.981359711924,in-sample,functional
-1.99867983937859,in-sample,functional
-1.98459656578796,in-sample,functional
-2.00743978044822,in-sample,functional
-2.03329777075695,in-sample,functional
-1.9499484569828,in-sample,functional
-2.00860800362548,in-sample,functional
-2.00453155194218,in-sample,functional
-2.03613330319792,in-sample,functional
-2.01167131408354,in-sample,functional
-2.01261885756738,in-sample,functional
-2.0239918828898,in-sample,functional
-2.0092312260579,in-sample,functional
-2.02268434003805,in-sample,functional
-1.99376425865548,in-sample,functional
-1.993258574707,in-sample,functional
-1.96968170185353,in-sample,functional
-2.05109713486402,in-sample,functional
-1.96899525910016,in-sample,functional
-1.9971785494539,in-sample,functional
-1.99783573747698,in-sample,functional
-2.01292464385821,in-sample,functional
-1.99449257205742,in-sample,functional
-2.00364958266591,in-sample,functional
-1.94975834797401,in-sample,functional
-1.98938381621603,in-sample,functional
-1.97300241217466,in-sample,functional
-1.9845942955608,in-sample,functional
-1.96876669360201,in-sample,functional
-1.99458473109747,in-sample,functional
-1.99971619726441,in-sample,functional
-2.02399492872677,in-sample,functional
-2.03475458636939,in-sample,functional
-1.98903325113202,in-sample,functional
-2.04295295223697,in-sample,functional
-1.99315032492314,in-sample,functional
-1.98011554993202,in-sample,functional
-2.00053191488858,in-sample,functional
-1.99007066555643,in-sample,functional
-2.01273827934533,in-sample,functional
-2.02802303820993,in-sample,functional
-1.96108121502146,in-sample,functional
-1.9846543094686,in-sample,functional
-1.94576434694281,in-sample,functional
-1.95930080074765,in-sample,functional
-2.02604466874547,in-sample,functional
-1.93729236293635,in-sample,functional
-1.99826897146684,in-sample,functional
-2.01007625424618,in-sample,functional
-1.96345555396257,in-sample,functional
-2.02869075328773,in-sample,functional
-2.02085932998071,in-sample,functional
-1.98239911187175,in-sample,functional
-1.96097386501361,in-sample,functional
-2.02006857029726,in-sample,functional
-1.96567543762172,in-sample,functional
-1.97738854737962,in-sample,functional
-1.9805529999066,in-sample,functional
-1.98027312591224,in-sample,functional
-1.99902304432347,in-sample,functional
-1.91983778896907,in-sample,functional
-2.00110225140952,in-sample,functional
-1.96225096346115,in-sample,functional
-1.988713490582,in-sample,functional
-2.01940413346811,in-sample,functional
-1.98271872258347,in-sample,functional
-1.98661676439145,in-sample,functional
-2.01979403264215,in-sample,functional
-2.02851349661535,in-sample,functional
-1.98963979177861,in-sample,functional
-1.99128492848091,in-sample,functional
-1.94675698607403,in-sample,functional
-1.992244486548,in-sample,functional
-2.00478712208883,in-sample,functional
-2.01507298699501,in-sample,functional
-1.97702660221416,in-sample,functional
-1.96609644127331,in-sample,functional
-2.00970904449756,in-sample,functional
-1.96629596078873,in-sample,functional
-2.03554959210957,in-sample,functional
-1.99897474797251,in-sample,functional
-1.96296585957433,in-sample,functional
-1.97704749426281,in-sample,functional
-1.97705463281912,in-sample,functional
-2.01715532815686,in-sample,functional
-1.95885891136554,in-sample,functional
-2.0074462268175,in-sample,functional
-2.02340179980685,in-sample,functional
-2.00478639184752,in-sample,functional
-2.00717699823249,in-sample,functional
-1.98734945147354,in-sample,functional
-1.95405885887686,in-sample,functional
-1.9791348580228,in-sample,functional
-2.00394283507079,in-sample,functional
-1.98669713362899,in-sample,functional
-1.98550756585103,in-sample,functional
-1.98233980580726,in-sample,functional
-1.98864052484807,in-sample,functional
-1.94991320312085,in-sample,functional
-1.99826592682425,in-sample,functional
-1.93758434551107,in-sample,functional
-1.99547978312546,in-sample,functional
-2.01527029341105,in-sample,functional
-1.86880319067057,in-sample,vanilla
-1.86241444854727,in-sample,vanilla
-1.85542913988823,in-sample,vanilla
-1.84127098925937,in-sample,vanilla
-1.85160077713542,in-sample,vanilla
-1.84075355164197,in-sample,vanilla
-1.84888052316451,in-sample,vanilla
-1.86238045209827,in-sample,vanilla
-1.86265852212223,in-sample,vanilla
-1.86272358512439,in-sample,vanilla
-1.86130019465003,in-sample,vanilla
-1.83585139990404,in-sample,vanilla
-1.84864239999234,in-sample,vanilla
-1.85762571063137,in-sample,vanilla
-1.85745402747968,in-sample,vanilla
-1.86808316875673,in-sample,vanilla
-1.87736476277335,in-sample,vanilla
-1.87964825106679,in-sample,vanilla
-1.86281631268562,in-sample,vanilla
-1.86999367253329,in-sample,vanilla
-1.86274905079081,in-sample,vanilla
-1.87998006656143,in-sample,vanilla
-1.86524815194196,in-sample,vanilla
-1.87074080563945,in-sample,vanilla
-1.83847553456774,in-sample,vanilla
-1.84783682315599,in-sample,vanilla
-1.85227803857404,in-sample,vanilla
-1.86702815617548,in-sample,vanilla
-1.85863295203934,in-sample,vanilla
-1.86512336404843,in-sample,vanilla
-1.87992423664943,in-sample,vanilla
-1.88417767927112,in-sample,vanilla
-1.87667733636726,in-sample,vanilla
-1.8769823468945,in-sample,vanilla
-1.85614503418025,in-sample,vanilla
-1.84874012782208,in-sample,vanilla
-1.85748473682213,in-sample,vanilla
-1.85303778194155,in-sample,vanilla
-1.83372990001581,in-sample,vanilla
-1.85145699887012,in-sample,vanilla
-1.85848177913737,in-sample,vanilla
-1.86324866935795,in-sample,vanilla
-1.86737540590822,in-sample,vanilla
-1.86156464164798,in-sample,vanilla
-1.85486915254165,in-sample,vanilla
-1.86375404206137,in-sample,vanilla
-1.86895244570016,in-sample,vanilla
-1.883531572469,in-sample,vanilla
-1.88679913455671,in-sample,vanilla
-1.87355234651553,in-sample,vanilla
-1.88010590432149,in-sample,vanilla
-1.88241780073602,in-sample,vanilla
-1.8739602526476,in-sample,vanilla
-1.88142825870659,in-sample,vanilla
-1.87411922924333,in-sample,vanilla
-1.88177822370882,in-sample,vanilla
-1.86818071127562,in-sample,vanilla
-1.89186622801326,in-sample,vanilla
-1.91094760764775,in-sample,vanilla
-1.87525036432609,in-sample,vanilla
-1.87046165089824,in-sample,vanilla
-1.87455706355376,in-sample,vanilla
-1.88314872763865,in-sample,vanilla
-1.88537990985445,in-sample,vanilla
-1.88289885253655,in-sample,vanilla
-1.87808760316719,in-sample,vanilla
-1.87408103107968,in-sample,vanilla
-1.88249348003918,in-sample,vanilla
-1.87526786970796,in-sample,vanilla
-1.87445312269652,in-sample,vanilla
-1.87854592494967,in-sample,vanilla
-1.87704119683278,in-sample,vanilla
-1.88390987946882,in-sample,vanilla
-1.87559566439173,in-sample,vanilla
-1.88238328374301,in-sample,vanilla
-1.87070267025036,in-sample,vanilla
-1.88052523706202,in-sample,vanilla
-1.8836691147617,in-sample,vanilla
-1.89152884178846,in-sample,vanilla
-1.88591610301073,in-sample,vanilla
-1.8795413827391,in-sample,vanilla
-1.88962618113961,in-sample,vanilla
-1.87794633255375,in-sample,vanilla
-1.87619959756953,in-sample,vanilla
-1.86193403630722,in-sample,vanilla
-1.86621806679554,in-sample,vanilla
-1.88544863987301,in-sample,vanilla
-1.87579612775529,in-sample,vanilla
-1.88953488319996,in-sample,vanilla
-1.89135419903116,in-sample,vanilla
-1.88241608445359,in-sample,vanilla
-1.90066391479048,in-sample,vanilla
-1.87417034028104,in-sample,vanilla
-1.86772997714205,in-sample,vanilla
-1.86166661913798,in-sample,vanilla
-1.88063436736284,in-sample,vanilla
-1.88303321165004,in-sample,vanilla
-1.88699049296935,in-sample,vanilla
-1.88712035041201,in-sample,vanilla
-1.88676297987721,in-sample,vanilla
-1.86995794820143,in-sample,vanilla
-1.86807613156148,in-sample,vanilla
-1.85410753912252,in-sample,vanilla
-1.87429661622748,in-sample,vanilla
-1.85659184295039,in-sample,vanilla
-1.85971939989115,in-sample,vanilla
-1.85526111552604,in-sample,vanilla
-1.85146149287703,in-sample,vanilla
-1.8473034141342,in-sample,vanilla
-1.83506716008354,in-sample,vanilla
-1.8417863919389,in-sample,vanilla
-1.85083003081494,in-sample,vanilla
-1.8221559769607,in-sample,vanilla
-1.85151099521115,in-sample,vanilla
-1.84360215259629,in-sample,vanilla
-1.86415265184725,in-sample,vanilla
-1.857833167169,in-sample,vanilla
-1.84318995889166,in-sample,vanilla
-1.85255433404347,in-sample,vanilla
-1.84201223425211,in-sample,vanilla
-1.8464236488414,in-sample,vanilla
-1.8323493881122,in-sample,vanilla
-1.85299774765159,in-sample,vanilla
-1.82726973779815,in-sample,vanilla
-1.85317419474428,in-sample,vanilla
-1.87545695316809,in-sample,vanilla
-1.86405910207512,in-sample,vanilla
-1.85393582158271,in-sample,vanilla
-1.85172282096582,in-sample,vanilla
-1.86898777067383,in-sample,vanilla
-1.88221483066739,in-sample,vanilla
-1.87736743835788,in-sample,vanilla
-1.84607043969501,in-sample,vanilla
-1.86447280009528,in-sample,vanilla
-1.86928726585898,in-sample,vanilla
-1.89242261480315,in-sample,vanilla
-1.89133232521275,in-sample,vanilla
-1.8855592959607,in-sample,vanilla
-1.87497963550476,in-sample,vanilla
-1.88687829866364,in-sample,vanilla
-1.86947365846948,in-sample,vanilla
-1.86320324564315,in-sample,vanilla
-1.87093718935992,in-sample,vanilla
-1.87075310581919,in-sample,vanilla
-1.8453218105009,in-sample,vanilla
-1.84088517552259,in-sample,vanilla
-1.84442353096759,in-sample,vanilla
-1.82824171880858,in-sample,vanilla
-1.81841617641773,in-sample,vanilla
-1.82028933739808,in-sample,vanilla
-1.80626727945183,in-sample,vanilla
-1.80899586342221,in-sample,vanilla
-1.8113999265101,in-sample,vanilla
-1.82558026126151,in-sample,vanilla
-1.82142666181401,in-sample,vanilla
-1.83829775166157,in-sample,vanilla
-1.82533609603941,in-sample,vanilla
-1.83074401251472,in-sample,vanilla
-1.82549460137966,in-sample,vanilla
-1.84935199863943,in-sample,vanilla
-1.83880365797454,in-sample,vanilla
-1.8344964335146,in-sample,vanilla
-1.84394813168724,in-sample,vanilla
-1.84683675967841,in-sample,vanilla
-1.84829142037854,in-sample,vanilla
-1.84377676936232,in-sample,vanilla
-1.8414906018161,in-sample,vanilla
-1.8592147858763,in-sample,vanilla
-1.85039535379067,in-sample,vanilla
-1.83688746701675,in-sample,vanilla
-1.84814185832752,in-sample,vanilla
-1.84370763492805,in-sample,vanilla
-1.84826226935189,in-sample,vanilla
-1.8604483171121,in-sample,vanilla
-1.86417852568079,in-sample,vanilla
-1.88428901035733,in-sample,vanilla
-1.88805390912037,in-sample,vanilla
-1.85376685527948,in-sample,vanilla
-1.85222800654542,in-sample,vanilla
-1.86686442550035,in-sample,vanilla
-1.88109228620219,in-sample,vanilla
-1.8714388887745,in-sample,vanilla
-1.86040176249194,in-sample,vanilla
-1.86765301057801,in-sample,vanilla
-1.86967951488177,in-sample,vanilla
-1.86467229468246,in-sample,vanilla
-1.84377973770395,in-sample,vanilla
-1.85285429754022,in-sample,vanilla
-1.86201782382869,in-sample,vanilla
-1.83531415214762,in-sample,vanilla
-1.86597007028663,in-sample,vanilla
-1.83973822105091,in-sample,vanilla
-1.8444379613704,in-sample,vanilla
-1.85414959607946,in-sample,vanilla
-1.83643097591719,in-sample,vanilla
-1.825501394982,in-sample,vanilla
-1.83053946566339,in-sample,vanilla
-1.82416668956748,in-sample,vanilla
-1.81945606007879,in-sample,vanilla
-1.81476322531247,in-sample,vanilla
-1.82803446644048,in-sample,vanilla
-1.82033712157492,in-sample,vanilla
-1.85366007415171,in-sample,vanilla
-1.81218983502872,in-sample,vanilla
-1.83028115862546,in-sample,vanilla
-1.83279841747769,in-sample,vanilla
-1.81585101773003,in-sample,vanilla
-1.8091803222541,in-sample,vanilla
-1.83341342792628,in-sample,vanilla
-1.82624945917969,in-sample,vanilla
-1.82665265068959,in-sample,vanilla
-1.82056324430632,in-sample,vanilla
-1.8292479877094,in-sample,vanilla
-1.84863026027987,in-sample,vanilla
-1.84374368747027,in-sample,vanilla
-1.83144838939665,in-sample,vanilla
-1.83174759166089,in-sample,vanilla
-1.83511800669711,in-sample,vanilla
-1.80902583300345,in-sample,vanilla
-1.82366280342509,in-sample,vanilla
-1.81445248146953,in-sample,vanilla
-1.81595709029118,in-sample,vanilla
-1.82358728239244,in-sample,vanilla
-1.83585819527134,in-sample,vanilla
-1.81546078878803,in-sample,vanilla
-1.82329527433554,in-sample,vanilla
-1.81125529855465,in-sample,vanilla
-1.82475904271434,in-sample,vanilla
-1.83657047509909,in-sample,vanilla
-1.8205434911302,in-sample,vanilla
-1.81372593301252,in-sample,vanilla
-1.82203990440076,in-sample,vanilla
-1.83698760842125,in-sample,vanilla
-1.80976594100001,in-sample,vanilla
-1.79656250535291,in-sample,vanilla
-1.8164657553011,in-sample,vanilla
-1.81320820689858,in-sample,vanilla
-1.8050131006959,in-sample,vanilla
-1.81414853469499,in-sample,vanilla
-1.82472091186397,in-sample,vanilla
-1.84124576152491,in-sample,vanilla
-1.83716867668442,in-sample,vanilla
-1.84539509439855,in-sample,vanilla
-1.84005139299298,in-sample,vanilla
-1.83334285171117,in-sample,vanilla
-1.83247252185741,in-sample,vanilla
-1.82095732025694,in-sample,vanilla
-1.82249983969386,in-sample,vanilla
-1.81508125552139,in-sample,vanilla
-1.80965050596959,in-sample,vanilla
-1.82602257496181,in-sample,vanilla
-1.82819553709184,in-sample,vanilla
-1.82223883308402,in-sample,vanilla
-1.82368011203404,in-sample,vanilla
-1.80845338225942,in-sample,vanilla
-1.80327845214125,in-sample,vanilla
-1.77119566218455,in-sample,vanilla
-1.77863021708903,in-sample,vanilla
-1.77566065255294,in-sample,vanilla
-1.78424303765251,in-sample,vanilla
-1.7869641176803,in-sample,vanilla
-1.79494414393505,in-sample,vanilla
-1.81283648122413,in-sample,vanilla
-1.77246039681783,in-sample,vanilla
-1.77288529988873,in-sample,vanilla
-1.76603861132987,in-sample,vanilla
-1.76350032438187,in-sample,vanilla
-1.76173307669647,in-sample,vanilla
-1.75824820703191,in-sample,vanilla
-1.78252859752848,in-sample,vanilla
-1.78153797028171,in-sample,vanilla
-1.7619100640948,in-sample,vanilla
-1.76978806634184,in-sample,vanilla
-1.76794729939852,in-sample,vanilla
-1.77696769498724,in-sample,vanilla
-1.7769185970344,in-sample,vanilla
-1.75244358657319,in-sample,vanilla
-1.7740485556256,in-sample,vanilla
-1.78521514514946,in-sample,vanilla
-1.7666097487189,in-sample,vanilla
-1.77056155468961,in-sample,vanilla
-1.7765490572607,in-sample,vanilla
-1.77112335566454,in-sample,vanilla
-1.78457282284428,in-sample,vanilla
-1.77809597411726,in-sample,vanilla
-1.77647231505882,in-sample,vanilla
-1.77461649335627,in-sample,vanilla
-1.77817451148461,in-sample,vanilla
-1.76301012493969,in-sample,vanilla
-1.76618589983985,in-sample,vanilla
-1.7675746967946,in-sample,vanilla
-1.77416823693725,in-sample,vanilla
-1.7661313373476,in-sample,vanilla
-1.78082941259567,in-sample,vanilla
-1.76934442831928,in-sample,vanilla
-1.79075616456392,in-sample,vanilla
-1.77848798033297,in-sample,vanilla
-1.78229638687326,in-sample,vanilla
-1.79976342946697,in-sample,vanilla
-1.76401144029598,in-sample,vanilla
-1.77821209630991,in-sample,vanilla
-1.77163378154041,in-sample,vanilla
-1.77110877654756,in-sample,vanilla
-1.786445723063,in-sample,vanilla
-1.77850327344253,in-sample,vanilla
-1.77833412564401,in-sample,vanilla
-1.79403790083013,in-sample,vanilla
-1.80463528904554,in-sample,vanilla
-1.79848636913776,in-sample,vanilla
-1.79717479014508,in-sample,vanilla
-1.81441028361123,in-sample,vanilla
-1.81789949602507,in-sample,vanilla
-1.82208214703912,in-sample,vanilla
-1.81028462571488,in-sample,vanilla
-1.80097573456784,in-sample,vanilla
-1.83980977424368,in-sample,vanilla
-1.82975347924699,in-sample,vanilla
-1.83057676015313,in-sample,vanilla
-1.82543924990161,in-sample,vanilla
-1.82907192960386,in-sample,vanilla
-1.83068682449307,in-sample,vanilla
-1.81379179691286,in-sample,vanilla
-1.80294916689778,in-sample,vanilla
-1.80731848045224,in-sample,vanilla
-1.81336336108053,in-sample,vanilla
-1.81265696838509,in-sample,vanilla
-1.80449115386666,in-sample,vanilla
-1.83728944523439,in-sample,vanilla
-1.82361490901029,in-sample,vanilla
-1.8050607517839,in-sample,vanilla
-1.78876382571992,in-sample,vanilla
-1.79698796714698,in-sample,vanilla
-1.7859055251821,in-sample,vanilla
-1.79216975693774,in-sample,vanilla
-1.76681737851628,in-sample,vanilla
-1.79142136384864,in-sample,vanilla
-1.76566442150454,in-sample,vanilla
-1.76858837675147,in-sample,vanilla
-1.78028600383532,in-sample,vanilla
-1.77930753170169,in-sample,vanilla
-1.79362760533942,in-sample,vanilla
-1.78610362216621,in-sample,vanilla
-1.78614307912489,in-sample,vanilla
-1.78654724097473,in-sample,vanilla
-1.77447259581068,in-sample,vanilla
-1.77992632634325,in-sample,vanilla
-1.77802792049207,in-sample,vanilla
-1.79705147897875,in-sample,vanilla
-1.80600555842105,in-sample,vanilla
-1.78181667264253,in-sample,vanilla
-1.78384320741265,in-sample,vanilla
-1.77953578068874,in-sample,vanilla
-1.78853801434752,in-sample,vanilla
-1.77526099667838,in-sample,vanilla
-1.78674373995753,in-sample,vanilla
-1.77253658687573,in-sample,vanilla
-1.76759722215697,in-sample,vanilla
-1.76340035605164,in-sample,vanilla
-1.76956865082897,in-sample,vanilla
-1.77760126698496,in-sample,vanilla
-1.77869751322129,in-sample,vanilla
-1.76051468177946,in-sample,vanilla
-1.77485185190461,in-sample,vanilla
-1.77580562014152,in-sample,vanilla
-1.77166431492103,in-sample,vanilla
-1.77713536032135,in-sample,vanilla
-1.78125225960125,in-sample,vanilla
-1.772348803209,in-sample,vanilla
-1.7564310731296,in-sample,vanilla
-1.75904988122318,in-sample,vanilla
-1.76035924686604,in-sample,vanilla
-1.78326423151126,in-sample,vanilla
-1.78579397582468,in-sample,vanilla
-1.77071273808256,in-sample,vanilla
-1.77414918092081,in-sample,vanilla
-1.75216088574286,in-sample,vanilla
-1.7681280783033,in-sample,vanilla
-1.74711783940316,in-sample,vanilla
-1.7358679385439,in-sample,vanilla
-1.75255190613249,in-sample,vanilla
-1.76103336839376,in-sample,vanilla
-1.73898603302968,in-sample,vanilla
-1.74705208222352,in-sample,vanilla
-1.77300280327122,in-sample,vanilla
-1.7560303535875,in-sample,vanilla
-1.74169383597588,in-sample,vanilla
-1.74822731576743,in-sample,vanilla
-1.76052092850143,in-sample,vanilla
-1.76644468949787,in-sample,vanilla
-1.76982717408333,in-sample,vanilla
-1.7664553599318,in-sample,vanilla
-1.76162433320045,in-sample,vanilla
-1.75690318236427,in-sample,vanilla
-1.75913361374987,in-sample,vanilla
-1.74463861415563,in-sample,vanilla
-1.76007539036448,in-sample,vanilla
-1.77701435921637,in-sample,vanilla
-1.7681497188985,in-sample,vanilla
-1.77293793302218,in-sample,vanilla
-1.8068660778785,in-sample,vanilla
-1.80036950210891,in-sample,vanilla
-1.79912074798598,in-sample,vanilla
-1.78895775165749,in-sample,vanilla
-1.79916917786201,in-sample,vanilla
-1.8080810372534,in-sample,vanilla
-1.82846603897233,in-sample,vanilla
-1.80633218721711,in-sample,vanilla
-1.81156909688109,in-sample,vanilla
-1.80031300928189,in-sample,vanilla
-1.81460583884307,in-sample,vanilla
-1.79765493838991,in-sample,vanilla
-1.79163476829311,in-sample,vanilla
-1.7944022529093,in-sample,vanilla
-1.79436562112966,in-sample,vanilla
-1.7977036599409,in-sample,vanilla
-1.80849749112631,in-sample,vanilla
-1.78517113626474,in-sample,vanilla
-1.77795008602607,in-sample,vanilla
-1.79849282941849,in-sample,vanilla
-1.78399560010076,in-sample,vanilla
-1.80256532161213,in-sample,vanilla
-1.81516670253717,in-sample,vanilla
-1.79869096843424,in-sample,vanilla
-1.78146765599776,in-sample,vanilla
-1.76081669756939,in-sample,vanilla
-1.78439893968475,in-sample,vanilla
-1.78162995712302,in-sample,vanilla
-1.77175400451215,in-sample,vanilla
-1.78517313911333,in-sample,vanilla
-1.78144393943512,in-sample,vanilla
-1.78645092472916,in-sample,vanilla
-1.7773127869195,in-sample,vanilla
-1.78401273498209,in-sample,vanilla
-1.78044702241163,in-sample,vanilla
-1.79904290513988,in-sample,vanilla
-1.79607134257656,in-sample,vanilla
-1.77611643072255,in-sample,vanilla
-1.78805461362766,in-sample,vanilla
-1.78027050673377,in-sample,vanilla
-1.77153184506884,in-sample,vanilla
-1.77657542409595,in-sample,vanilla
-1.7799171285471,in-sample,vanilla
-1.77122338926184,in-sample,vanilla
-1.80490285103293,in-sample,vanilla
-1.76881109835168,in-sample,vanilla
-1.75895441430247,in-sample,vanilla
-1.77699116526748,in-sample,vanilla
-1.76185447926968,in-sample,vanilla
-1.76389656114696,in-sample,vanilla
-1.75850101218543,in-sample,vanilla
-1.77126598997629,in-sample,vanilla
-1.77973603885151,in-sample,vanilla
-1.78435229057398,in-sample,vanilla
-1.76864559156247,in-sample,vanilla
-1.75222794445155,in-sample,vanilla
-1.74584422766264,in-sample,vanilla
-1.76152348611305,in-sample,vanilla
-1.73692664671558,in-sample,vanilla
-1.75522228436394,in-sample,vanilla
-1.76395730183324,in-sample,vanilla
-1.7472419319627,in-sample,vanilla
-1.75665328654279,in-sample,vanilla
-1.7707901276114,in-sample,vanilla
-1.75008766942399,in-sample,vanilla
-1.74256171398568,in-sample,vanilla
-1.75075482231045,in-sample,vanilla
-1.77633833104034,in-sample,vanilla
-1.77488440726237,in-sample,vanilla
-1.76549636241218,in-sample,vanilla
-1.77358679638893,in-sample,vanilla
-1.78642536646589,in-sample,vanilla
-1.80384975090153,in-sample,vanilla
-1.78520419849096,in-sample,vanilla
-1.77947458487857,in-sample,vanilla
-1.79579631723711,in-sample,vanilla
-1.77846906550398,in-sample,vanilla
-1.79280307407173,in-sample,vanilla
-1.82003738787914,in-sample,vanilla
-1.81164842646232,in-sample,vanilla
-1.8149729996634,in-sample,vanilla
-1.80421855180614,in-sample,vanilla
-1.81189356369585,in-sample,vanilla
-1.80637611386998,in-sample,vanilla
-1.80826633375379,in-sample,vanilla
-1.8088685397974,in-sample,vanilla
-1.79508783871682,in-sample,vanilla
-1.78690308667316,in-sample,vanilla
-1.79217362914914,in-sample,vanilla
-1.8080844030895,in-sample,vanilla
-1.80893521737566,in-sample,vanilla
-1.80276964406764,in-sample,vanilla
-1.806893590839,in-sample,vanilla
-1.80248370919895,in-sample,vanilla
-1.79349587259472,in-sample,vanilla
-1.79974587097011,in-sample,vanilla
-1.81814197223415,in-sample,vanilla
-1.80932632779333,in-sample,vanilla
-1.80664733008313,in-sample,vanilla
-1.81433631559344,in-sample,vanilla
-1.80011196392015,in-sample,vanilla
-1.78752489967197,in-sample,vanilla
-1.79192279884317,in-sample,vanilla
-1.79657173015733,in-sample,vanilla
-1.8046068841785,in-sample,vanilla
-1.80646102049699,in-sample,vanilla
-1.80518839759365,in-sample,vanilla
-1.78483746986773,in-sample,vanilla
-1.79427095965664,in-sample,vanilla
-1.802994079154,in-sample,vanilla
-1.79968531953506,in-sample,vanilla
-1.8034229558233,in-sample,vanilla
-1.78620692525048,in-sample,vanilla
-1.78628796551904,in-sample,vanilla
-1.77167681049548,in-sample,vanilla
-1.76827446704476,in-sample,vanilla
-1.76821948327929,in-sample,vanilla
-1.75420559865134,in-sample,vanilla
-1.76998154713157,in-sample,vanilla
-1.77723130692972,in-sample,vanilla
-1.77597516919307,in-sample,vanilla
-1.78953136799443,in-sample,vanilla
-1.78984049485436,in-sample,vanilla
-1.81354683977069,in-sample,vanilla
-1.79996666345519,in-sample,vanilla
-1.79042837547634,in-sample,vanilla
-1.80356185008808,in-sample,vanilla
-1.80934876524682,in-sample,vanilla
-1.81345134884572,in-sample,vanilla
-1.80240562151861,in-sample,vanilla
-1.79794437335013,in-sample,vanilla
-1.81129909850233,in-sample,vanilla
-1.82806337064211,in-sample,vanilla
-1.81232485594091,in-sample,vanilla
-1.84139335224719,in-sample,vanilla
-1.8242498636173,in-sample,vanilla
-1.83202410511352,in-sample,vanilla
-1.8174920237539,in-sample,vanilla
-1.82119856273172,in-sample,vanilla
-1.83740838900603,in-sample,vanilla
-1.82912103389391,in-sample,vanilla
-1.83863924520089,in-sample,vanilla
-1.82948768836739,in-sample,vanilla
-1.83773160280546,in-sample,vanilla
-1.81539711605421,in-sample,vanilla
-1.7928590642497,in-sample,vanilla
-1.79671677616588,in-sample,vanilla
-1.79397478302818,in-sample,vanilla
-1.80201289147749,in-sample,vanilla
-1.7802950435827,in-sample,vanilla
-1.79046815062834,in-sample,vanilla
-1.79231541860976,in-sample,vanilla
-1.82423714238114,in-sample,vanilla
-1.81246201756259,in-sample,vanilla
-1.81710143801261,in-sample,vanilla
-1.81157335484235,in-sample,vanilla
-1.82553848244148,in-sample,vanilla
-1.82990859551703,in-sample,vanilla
-1.83142755476322,in-sample,vanilla
-1.80405548672109,in-sample,vanilla
-1.80222558500009,in-sample,vanilla
-1.81037936390882,in-sample,vanilla
-1.81545547720306,in-sample,vanilla
-1.82903948224607,in-sample,vanilla
-1.80908777614419,in-sample,vanilla
-1.81067988984725,in-sample,vanilla
-1.801445067946,in-sample,vanilla
-1.796674137198,in-sample,vanilla
-1.82004874103288,in-sample,vanilla
-1.80643852953553,in-sample,vanilla
-1.81017543408016,in-sample,vanilla
-1.80339086674148,in-sample,vanilla
-1.82645656531033,in-sample,vanilla
-1.81572875015987,in-sample,vanilla
-1.81799193470896,in-sample,vanilla
-1.79942023286011,in-sample,vanilla
-1.82072790100653,in-sample,vanilla
-1.80723664379156,in-sample,vanilla
-1.8242820080646,in-sample,vanilla
-1.83116630338968,in-sample,vanilla
-1.80934814595288,in-sample,vanilla
-1.80707717233956,in-sample,vanilla
-1.8217053747507,in-sample,vanilla
-1.80497743293388,in-sample,vanilla
-1.81640205149822,in-sample,vanilla
-1.830530879352,in-sample,vanilla
-1.8439505120298,in-sample,vanilla
-1.84646328470094,in-sample,vanilla
-1.84660499476448,in-sample,vanilla
-1.84406294254697,in-sample,vanilla
-1.82949384018278,in-sample,vanilla
-1.84752467205672,in-sample,vanilla
-1.83447213139371,in-sample,vanilla
-1.83406805238579,in-sample,vanilla
-1.82959509848171,in-sample,vanilla
-1.82997431400891,in-sample,vanilla
-1.82498428846092,in-sample,vanilla
-1.8435928834018,in-sample,vanilla
-1.84340233337291,in-sample,vanilla
-1.81619496891158,in-sample,vanilla
-1.83510251016587,in-sample,vanilla
-1.82502094694253,in-sample,vanilla
-1.81095466018696,in-sample,vanilla
-1.82785396528992,in-sample,vanilla
-1.81901966457406,in-sample,vanilla
-1.80943770817373,in-sample,vanilla
-1.80063224161171,in-sample,vanilla
-1.79203743654795,in-sample,vanilla
-1.78924412341405,in-sample,vanilla
-1.80332511577962,in-sample,vanilla
-1.82913658798714,in-sample,vanilla
-1.82718543218381,in-sample,vanilla
-1.84148834767124,in-sample,vanilla
-1.83694498691569,in-sample,vanilla
-1.84268220048343,in-sample,vanilla
-1.83657424398411,in-sample,vanilla
-1.84231898593568,in-sample,vanilla
-1.83779494867848,in-sample,vanilla
-1.8548431417891,in-sample,vanilla
-1.84702984932793,in-sample,vanilla
-1.8427990602724,in-sample,vanilla
-1.85986830859137,in-sample,vanilla
-1.86058995598173,in-sample,vanilla
-1.84362178535625,in-sample,vanilla
-1.8471242954646,in-sample,vanilla
-1.8416920541421,in-sample,vanilla
-1.81826681701022,in-sample,vanilla
-1.83070288323529,in-sample,vanilla
-1.81311995693161,in-sample,vanilla
-1.80888570991257,in-sample,vanilla
-1.81825912056703,in-sample,vanilla
-1.82256696034753,in-sample,vanilla
-1.81870536510427,in-sample,vanilla
-1.8220095684009,in-sample,vanilla
-1.81430162780295,in-sample,vanilla
-1.80944395967565,in-sample,vanilla
-1.79773231532128,in-sample,vanilla
-1.80265321445295,in-sample,vanilla
-1.82701650805393,in-sample,vanilla
-1.82091560063059,in-sample,vanilla
-1.82491805907238,in-sample,vanilla
-1.81859562538327,in-sample,vanilla
-1.80893333769527,in-sample,vanilla
-1.81733471981352,in-sample,vanilla
-1.83147295855004,in-sample,vanilla
-1.82053402776968,in-sample,vanilla
-1.82586379637931,in-sample,vanilla
-1.81672279640433,in-sample,vanilla
-1.82444768951965,in-sample,vanilla
-1.81995882605742,in-sample,vanilla
-1.81749223385117,in-sample,vanilla
-1.82336177174026,in-sample,vanilla
-1.81979060114469,in-sample,vanilla
-1.84314294530931,in-sample,vanilla
-1.83333460370551,in-sample,vanilla
-1.82409095108476,in-sample,vanilla
-1.81778095213825,in-sample,vanilla
-1.81669140978412,in-sample,vanilla
-1.8175680243228,in-sample,vanilla
-1.8352938977918,in-sample,vanilla
-1.8126490571252,in-sample,vanilla
-1.80707478157028,in-sample,vanilla
-1.81208269528005,in-sample,vanilla
-1.80756257487923,in-sample,vanilla
-1.82930685350916,in-sample,vanilla
-1.81076782835285,in-sample,vanilla
-1.80733960689116,in-sample,vanilla
-1.81462631855627,in-sample,vanilla
-1.81212187183359,in-sample,vanilla
-1.82966191491638,in-sample,vanilla
-1.80435266369687,in-sample,vanilla
-1.80914626165777,in-sample,vanilla
-1.80592842794034,in-sample,vanilla
-1.82899033078493,in-sample,vanilla
-1.83978450743591,in-sample,vanilla
-1.83476432332456,in-sample,vanilla
-1.83046349655348,in-sample,vanilla
-1.83298883273099,in-sample,vanilla
-1.83528274656839,in-sample,vanilla
-1.82465460559541,in-sample,vanilla
-1.82804527528156,in-sample,vanilla
-1.82071226100492,in-sample,vanilla
-1.83295257725332,in-sample,vanilla
-1.8186565603145,in-sample,vanilla
-1.8012233797044,in-sample,vanilla
-1.79792961869015,in-sample,vanilla
-1.81633573425181,in-sample,vanilla
-1.82151593047833,in-sample,vanilla
-1.81238410250746,in-sample,vanilla
-1.80594057689992,in-sample,vanilla
-1.80312239527841,in-sample,vanilla
-1.81257189495749,in-sample,vanilla
-1.81561577449784,in-sample,vanilla
-1.77960968475005,in-sample,vanilla
-1.80592103087803,in-sample,vanilla
-1.80791584665999,in-sample,vanilla
-1.8097957413339,in-sample,vanilla
-1.83454698551021,in-sample,vanilla
-1.82561464405724,in-sample,vanilla
-1.80279790586794,in-sample,vanilla
-1.79351999106656,in-sample,vanilla
-1.80294309464169,in-sample,vanilla
-1.80411549661507,in-sample,vanilla
-1.81520552074311,in-sample,vanilla
-1.83991358254073,in-sample,vanilla
-1.83079476711378,in-sample,vanilla
-1.83691924656642,in-sample,vanilla
-1.83885522024863,in-sample,vanilla
-1.79949155295581,in-sample,vanilla
-1.79318590287681,in-sample,vanilla
-1.78871759244406,in-sample,vanilla
-1.7882384916361,in-sample,vanilla
-1.79434566628369,in-sample,vanilla
-1.77557076433174,in-sample,vanilla
-1.79014483679634,in-sample,vanilla
-1.79583059093674,in-sample,vanilla
-1.79055088691102,in-sample,vanilla
-1.79501652012627,in-sample,vanilla
-1.80217857894195,in-sample,vanilla
-1.79230803499036,in-sample,vanilla
-1.78559588439065,in-sample,vanilla
-1.81893010271972,in-sample,vanilla
-1.80037711485831,in-sample,vanilla
-1.79805739018098,in-sample,vanilla
-1.80550297314954,in-sample,vanilla
-1.82922910786619,in-sample,vanilla
-1.79529170312054,in-sample,vanilla
-1.80814778464524,in-sample,vanilla
-1.82458338769185,in-sample,vanilla
-1.81042145438801,in-sample,vanilla
-1.78692575209887,in-sample,vanilla
-1.80699629021656,in-sample,vanilla
-1.79603448229289,in-sample,vanilla
-1.79528917440868,in-sample,vanilla
-1.80638925235953,in-sample,vanilla
-1.79347038690344,in-sample,vanilla
-1.81541749452633,in-sample,vanilla
-1.81918758002948,in-sample,vanilla
-1.80204690152024,in-sample,vanilla
-1.79295764881732,in-sample,vanilla
-1.79360793332451,in-sample,vanilla
-1.79904737525879,in-sample,vanilla
-1.8055667302121,in-sample,vanilla
-1.8165439187189,in-sample,vanilla
-1.81960280281324,in-sample,vanilla
-1.8160169648284,in-sample,vanilla
-1.81151542847845,in-sample,vanilla
-1.81584427278028,in-sample,vanilla
-1.80419457214229,in-sample,vanilla
-1.8095829617485,in-sample,vanilla
-1.81282289812931,in-sample,vanilla
-1.79716587434682,in-sample,vanilla
-1.80782356480741,in-sample,vanilla
-1.81375810474972,in-sample,vanilla
-1.82562588814437,in-sample,vanilla
-1.83008585077371,in-sample,vanilla
-1.82059196723519,in-sample,vanilla
-1.82406497312033,in-sample,vanilla
-1.84509333597272,in-sample,vanilla
-1.82195844986574,in-sample,vanilla
-1.82927536771796,in-sample,vanilla
-1.84392658617021,in-sample,vanilla
-1.8349173524723,in-sample,vanilla
-1.82813204758402,in-sample,vanilla
-1.82999796016704,in-sample,vanilla
-1.81421010996102,in-sample,vanilla
-1.82107146438273,in-sample,vanilla
-1.80832974591516,in-sample,vanilla
-1.81432775402478,in-sample,vanilla
-1.8045123902658,in-sample,vanilla
-1.79877840285777,in-sample,vanilla
-1.80939603272446,in-sample,vanilla
-1.8209392464591,in-sample,vanilla
-1.81304480776697,in-sample,vanilla
-1.80922789480348,in-sample,vanilla
-1.80401425732714,in-sample,vanilla
-1.79289321617062,in-sample,vanilla
-1.81353771319527,in-sample,vanilla
-1.79379755958854,in-sample,vanilla
-1.80248278190903,in-sample,vanilla
-1.80638421317959,in-sample,vanilla
-1.81138102961636,in-sample,vanilla
-1.78845840589916,in-sample,vanilla
-1.78705062927376,in-sample,vanilla
-1.7778203163708,in-sample,vanilla
-1.77085094462361,in-sample,vanilla
-1.78245393207334,in-sample,vanilla
-1.78339227885076,in-sample,vanilla
-1.77968577412669,in-sample,vanilla
-1.78418330402849,in-sample,vanilla
-1.77378194726575,in-sample,vanilla
-1.78991026190256,in-sample,vanilla
-1.78671378666002,in-sample,vanilla
-1.78199115382518,in-sample,vanilla
-1.78633983467808,in-sample,vanilla
-1.77208516564071,in-sample,vanilla
-1.75611598790777,in-sample,vanilla
-1.75229989812944,in-sample,vanilla
-1.78217345536352,in-sample,vanilla
-1.77356700919718,in-sample,vanilla
-1.80108606953879,in-sample,vanilla
-1.80518546603533,in-sample,vanilla
-1.78725985510612,in-sample,vanilla
-1.79590909206676,in-sample,vanilla
-1.78847940103105,in-sample,vanilla
-1.78285670142132,in-sample,vanilla
-1.77109543161621,in-sample,vanilla
-1.78939609941481,in-sample,vanilla
-1.79220465688924,in-sample,vanilla
-1.80297599491484,in-sample,vanilla
-1.79909739041048,in-sample,vanilla
-1.78853253289021,in-sample,vanilla
-1.77591472495207,in-sample,vanilla
-1.7853367974518,in-sample,vanilla
-1.80183221988149,in-sample,vanilla
-1.79418810569624,in-sample,vanilla
-1.79828871331922,in-sample,vanilla
-1.79996620541658,in-sample,vanilla
-1.81531813315993,in-sample,vanilla
-1.79255997861833,in-sample,vanilla
-1.78528208115721,in-sample,vanilla
-1.7941529123123,in-sample,vanilla
-1.78971700960587,in-sample,vanilla
-1.77893336173004,in-sample,vanilla
-1.80394464578398,in-sample,vanilla
-1.79793438715685,in-sample,vanilla
-1.78994111612273,in-sample,vanilla
-1.78243681087505,in-sample,vanilla
-1.78922898814617,in-sample,vanilla
-1.78799857947118,in-sample,vanilla
-1.82125916980793,in-sample,vanilla
-1.80581332173695,in-sample,vanilla
-1.80662985009243,in-sample,vanilla
-1.79123755169543,in-sample,vanilla
-1.78930117813372,in-sample,vanilla
-1.78605450444157,in-sample,vanilla
-1.78723251270529,in-sample,vanilla
-1.77553423554633,in-sample,vanilla
-1.78878043329783,in-sample,vanilla
-1.79384720028344,in-sample,vanilla
-1.78968445763263,in-sample,vanilla
-1.79283954902344,in-sample,vanilla
-1.78331473781359,in-sample,vanilla
-1.79610923336984,in-sample,vanilla
-1.80113303110995,in-sample,vanilla
-1.80810499030361,in-sample,vanilla
-1.8045444852797,in-sample,vanilla
-1.79936019705312,in-sample,vanilla
-1.79260427133424,in-sample,vanilla
-1.81063150482948,in-sample,vanilla
-1.81244018697358,in-sample,vanilla
-1.81682388921219,in-sample,vanilla
-1.81172586588611,in-sample,vanilla
-1.8190202600235,in-sample,vanilla
-1.80048117217107,in-sample,vanilla
-1.81163380557683,in-sample,vanilla
-1.7958162094824,in-sample,vanilla
-1.8062641449354,in-sample,vanilla
-1.82586825216213,in-sample,vanilla
-1.81976106128613,in-sample,vanilla
-1.82444761401549,in-sample,vanilla
-1.82149971016641,in-sample,vanilla
-1.79011310430221,in-sample,vanilla
-1.78486131039026,in-sample,vanilla
-1.81648976586707,in-sample,vanilla
-1.79947946742277,in-sample,vanilla
-1.80506572897475,in-sample,vanilla
-1.8234395997032,in-sample,vanilla
-1.80490908443314,in-sample,vanilla
-1.7920652574342,in-sample,vanilla
-1.8033206319469,in-sample,vanilla
-1.81433540376934,in-sample,vanilla
-1.81964846895082,in-sample,vanilla
-1.82955600087586,in-sample,vanilla
-1.81932803975891,in-sample,vanilla
-1.80564341310282,in-sample,vanilla
-1.81905028607208,in-sample,vanilla
-1.83254678588397,in-sample,vanilla
-1.82226133348234,in-sample,vanilla
-1.82674626569006,in-sample,vanilla
-1.83048736043125,in-sample,vanilla
-1.84308222685154,in-sample,vanilla
-1.82547516970356,in-sample,vanilla
-1.81860961655955,in-sample,vanilla
-1.81732876121548,in-sample,vanilla
-1.79814349766302,in-sample,vanilla
-1.79124485268359,in-sample,vanilla
-1.80039989475141,in-sample,vanilla
-1.79480213331843,in-sample,vanilla
-1.79719205447195,in-sample,vanilla
-1.77727802588466,in-sample,vanilla
-1.78839661517707,in-sample,vanilla
-1.78241348514589,in-sample,vanilla
-1.78011676279832,in-sample,vanilla
-1.80166348975711,in-sample,vanilla
-1.80747505515563,in-sample,vanilla
-1.8225673139688,in-sample,vanilla
-1.81174720701287,in-sample,vanilla
-1.79559752183663,in-sample,vanilla
-1.8036344120764,in-sample,vanilla
-1.79705500328487,in-sample,vanilla
-1.77189805343772,in-sample,vanilla
-1.80152937695773,in-sample,vanilla
-1.7948283708743,in-sample,vanilla
-1.80010480991613,in-sample,vanilla
-1.80056993174346,in-sample,vanilla
-1.80407396700179,in-sample,vanilla
-1.79327196903872,in-sample,vanilla
-1.80637012572489,in-sample,vanilla
-1.80830169878349,in-sample,vanilla
-1.81903334122263,in-sample,vanilla
-1.8190595466761,in-sample,vanilla
-1.81484921290252,in-sample,vanilla
-1.81217916958394,in-sample,vanilla
-1.81984227728532,in-sample,vanilla
-1.80860483604565,in-sample,vanilla
-1.8066398874546,in-sample,vanilla
-1.78124262530385,in-sample,vanilla
-1.79901022175491,in-sample,vanilla
-1.79543633611109,in-sample,vanilla
-1.81076680856346,in-sample,vanilla
-1.80436894572357,in-sample,vanilla
-1.78454984044976,in-sample,vanilla
-1.79198936882787,in-sample,vanilla
-1.7945311170253,in-sample,vanilla
-1.77956214055705,in-sample,vanilla
-1.78099693998975,in-sample,vanilla
-1.78505432460166,in-sample,vanilla
-1.7781706408009,in-sample,vanilla
-1.76862123022042,in-sample,vanilla
-1.77744888326355,in-sample,vanilla
-1.78152676582031,in-sample,vanilla
-1.79312407215117,in-sample,vanilla
-1.78955743702477,in-sample,vanilla
-1.78622649673864,in-sample,vanilla
-1.78211716824793,in-sample,vanilla
-1.79140325376163,in-sample,vanilla
-1.79604034716024,in-sample,vanilla
-1.80357240124389,in-sample,vanilla
-1.77585360638515,in-sample,vanilla
-1.77272866708282,in-sample,vanilla
-1.78184738376884,in-sample,vanilla
-1.80110801848252,in-sample,vanilla
-1.80934065883066,in-sample,vanilla
-1.78475372339397,in-sample,vanilla
-1.77783673655351,in-sample,vanilla
-1.76783912976469,in-sample,vanilla
-1.7673221609756,in-sample,vanilla
-1.77624504942097,in-sample,vanilla
-1.77520913841902,in-sample,vanilla
-1.78285347440515,in-sample,vanilla
-1.7746320396163,in-sample,vanilla
-1.78982340775122,in-sample,vanilla
-1.79923105568961,in-sample,vanilla
-1.79362798168491,in-sample,vanilla
-1.79173368985309,in-sample,vanilla
-1.78869390905191,in-sample,vanilla
-1.810562165492,in-sample,vanilla
-1.78804649266057,in-sample,vanilla
-1.80684414514027,in-sample,vanilla
-1.78285578936939,in-sample,vanilla
-1.785631676441,in-sample,vanilla
-1.79512692825604,in-sample,vanilla
-1.80051710360694,in-sample,vanilla
-1.80483799398442,in-sample,vanilla
-1.8053118031254,in-sample,vanilla
-1.80636501998247,in-sample,vanilla
-1.81053389825668,in-sample,vanilla
-1.80281324430883,in-sample,vanilla
-1.81118447487544,in-sample,vanilla
-1.78236809808822,in-sample,vanilla
-1.79573780141716,in-sample,vanilla
-1.80070632781889,in-sample,vanilla
-1.80592504915474,in-sample,vanilla
-1.79345036299827,in-sample,vanilla
-1.78285101083018,in-sample,vanilla
-1.79292760453968,in-sample,vanilla
-1.81430233671989,in-sample,vanilla
-1.80523924948666,in-sample,vanilla
-1.79501415444169,in-sample,vanilla
-1.78741692096737,in-sample,vanilla
-1.76920224366437,in-sample,vanilla
-1.79322851431749,in-sample,vanilla
-1.79152400080435,in-sample,vanilla
-1.78732320053002,in-sample,vanilla
-1.7983384996996,in-sample,vanilla
-1.7966971188294,in-sample,vanilla
-1.81349885391996,in-sample,vanilla
-1.80118135525056,in-sample,vanilla
-1.80825375661463,in-sample,vanilla
-1.78511430352903,in-sample,vanilla
-1.78396901176158,in-sample,vanilla
-1.78597600186165,in-sample,vanilla
-1.76306653228059,in-sample,vanilla
-1.78802460127908,in-sample,vanilla
-1.77340461432968,in-sample,vanilla
-1.78773797206778,in-sample,vanilla
-1.77769441005211,in-sample,vanilla
-1.7724588811707,in-sample,vanilla
-1.76275207991567,in-sample,vanilla
-1.79261337180614,in-sample,vanilla
-2.113684387246,out-of-sample,functional
-2.11993529603379,out-of-sample,functional
-2.11249525193016,out-of-sample,functional
-2.10455579290148,out-of-sample,functional
-2.14265159622682,out-of-sample,functional
-2.11405566673093,out-of-sample,functional
-2.10088238608527,out-of-sample,functional
-2.09543012744146,out-of-sample,functional
-2.09917620445893,out-of-sample,functional
-2.09500079506096,out-of-sample,functional
-2.08121096891546,out-of-sample,functional
-2.13279195900854,out-of-sample,functional
-2.07320399543491,out-of-sample,functional
-2.10526271711811,out-of-sample,functional
-2.10601523977839,out-of-sample,functional
-2.11080637712047,out-of-sample,functional
-2.074282741701,out-of-sample,functional
-2.05427946094431,out-of-sample,functional
-2.05746984495007,out-of-sample,functional
-2.0773953307818,out-of-sample,functional
-2.08683350172839,out-of-sample,functional
-2.0807168268769,out-of-sample,functional
-2.08182949471374,out-of-sample,functional
-2.07688037432212,out-of-sample,functional
-2.12265030457183,out-of-sample,functional
-2.12817606378349,out-of-sample,functional
-2.12120181742422,out-of-sample,functional
-2.08545053077571,out-of-sample,functional
-2.07566691197932,out-of-sample,functional
-2.10589453619011,out-of-sample,functional
-2.08430160205982,out-of-sample,functional
-2.04552557634229,out-of-sample,functional
-2.10994371005843,out-of-sample,functional
-2.06948329024651,out-of-sample,functional
-2.06667159038835,out-of-sample,functional
-2.09449140158589,out-of-sample,functional
-2.12700012900105,out-of-sample,functional
-2.12533343527898,out-of-sample,functional
-2.10388298557371,out-of-sample,functional
-2.13240205709503,out-of-sample,functional
-2.08824090578523,out-of-sample,functional
-2.07075224643876,out-of-sample,functional
-2.07961500572326,out-of-sample,functional
-2.08640189244683,out-of-sample,functional
-2.13431355904873,out-of-sample,functional
-2.09591190946151,out-of-sample,functional
-2.06303099906356,out-of-sample,functional
-2.09417164085899,out-of-sample,functional
-2.08530974544152,out-of-sample,functional
-2.12710987619957,out-of-sample,functional
-2.0908147244145,out-of-sample,functional
-2.08056449279718,out-of-sample,functional
-2.08026024145216,out-of-sample,functional
-2.06910702767763,out-of-sample,functional
-2.09689217276,out-of-sample,functional
-2.13730415652197,out-of-sample,functional
-2.11861664096561,out-of-sample,functional
-2.07826839155412,out-of-sample,functional
-2.09488890121789,out-of-sample,functional
-2.08163001474509,out-of-sample,functional
-2.07845890554184,out-of-sample,functional
-2.08127149624159,out-of-sample,functional
-2.06787140513641,out-of-sample,functional
-2.10322775904246,out-of-sample,functional
-2.09825786896496,out-of-sample,functional
-2.06196382991987,out-of-sample,functional
-2.05531242106127,out-of-sample,functional
-2.07838797071897,out-of-sample,functional
-2.09626267485467,out-of-sample,functional
-2.11809188811505,out-of-sample,functional
-2.05339389195257,out-of-sample,functional
-2.12115006709151,out-of-sample,functional
-2.07845665370439,out-of-sample,functional
-2.06840465657688,out-of-sample,functional
-2.08668517948592,out-of-sample,functional
-2.0860515012269,out-of-sample,functional
-2.11609984647148,out-of-sample,functional
-2.10967605958608,out-of-sample,functional
-2.08784517236647,out-of-sample,functional
-2.12763106221061,out-of-sample,functional
-2.1242061415579,out-of-sample,functional
-2.06895178177453,out-of-sample,functional
-2.06936579046408,out-of-sample,functional
-2.05432652342561,out-of-sample,functional
-2.08269943724096,out-of-sample,functional
-2.11865137295382,out-of-sample,functional
-2.09838256544316,out-of-sample,functional
-2.11223334912524,out-of-sample,functional
-2.10299861626842,out-of-sample,functional
-2.0907457027517,out-of-sample,functional
-2.11521467269802,out-of-sample,functional
-2.10349794406306,out-of-sample,functional
-2.13755226584267,out-of-sample,functional
-2.0625946884047,out-of-sample,functional
-2.11194336348434,out-of-sample,functional
-2.06381574699494,out-of-sample,functional
-2.07157421803142,out-of-sample,functional
-2.05970599735301,out-of-sample,functional
-2.12189391725885,out-of-sample,functional
-2.12831985130589,out-of-sample,functional
-2.09519832418872,out-of-sample,functional
-2.15271217869924,out-of-sample,functional
-2.13242089599601,out-of-sample,functional
-2.06904902543482,out-of-sample,functional
-2.08141456282466,out-of-sample,functional
-2.0505184824672,out-of-sample,functional
-2.08938174029367,out-of-sample,functional
-2.07261848678287,out-of-sample,functional
-2.09856434632225,out-of-sample,functional
-2.06271397606115,out-of-sample,functional
-2.10775599822261,out-of-sample,functional
-2.02135177427269,out-of-sample,functional
-2.06452918311696,out-of-sample,functional
-2.1651241146781,out-of-sample,functional
-2.07342621942923,out-of-sample,functional
-2.09327466507726,out-of-sample,functional
-2.09622418887326,out-of-sample,functional
-2.0344821194511,out-of-sample,functional
-2.07524121595002,out-of-sample,functional
-2.06508726988482,out-of-sample,functional
-2.0842066910118,out-of-sample,functional
-2.09655201936539,out-of-sample,functional
-2.09642507472065,out-of-sample,functional
-2.15113146689789,out-of-sample,functional
-2.11803663001717,out-of-sample,functional
-2.10390698737673,out-of-sample,functional
-2.06028017294659,out-of-sample,functional
-2.13123545829742,out-of-sample,functional
-2.11779160632561,out-of-sample,functional
-2.10144145399449,out-of-sample,functional
-2.10506974184299,out-of-sample,functional
-2.11917360382347,out-of-sample,functional
-2.08512491852654,out-of-sample,functional
-2.0750574215433,out-of-sample,functional
-2.05929065348614,out-of-sample,functional
-2.06195846548592,out-of-sample,functional
-2.09512273460684,out-of-sample,functional
-2.09194367024707,out-of-sample,functional
-2.09415470422453,out-of-sample,functional
-2.09872460558072,out-of-sample,functional
-2.11419445794577,out-of-sample,functional
-2.0982240882474,out-of-sample,functional
-2.09211573186872,out-of-sample,functional
-2.07312645440967,out-of-sample,functional
-2.11878406611498,out-of-sample,functional
-2.08423478668254,out-of-sample,functional
-2.08297765729092,out-of-sample,functional
-2.04058112399794,out-of-sample,functional
-2.08871444495996,out-of-sample,functional
-2.06162594290419,out-of-sample,functional
-2.09753426263534,out-of-sample,functional
-2.07361413275604,out-of-sample,functional
-2.07095583059786,out-of-sample,functional
-2.06491837547873,out-of-sample,functional
-2.07723800484324,out-of-sample,functional
-2.07515333797182,out-of-sample,functional
-2.08050845917464,out-of-sample,functional
-2.06630299407524,out-of-sample,functional
-2.11666926172002,out-of-sample,functional
-2.10077944526,out-of-sample,functional
-2.0563978952728,out-of-sample,functional
-2.05715327005388,out-of-sample,functional
-2.06264143637929,out-of-sample,functional
-2.08754602575912,out-of-sample,functional
-2.08876540693168,out-of-sample,functional
-2.09569864150335,out-of-sample,functional
-2.06526449765275,out-of-sample,functional
-2.08104662533577,out-of-sample,functional
-2.05808643672001,out-of-sample,functional
-2.11122928932898,out-of-sample,functional
-2.07145287179121,out-of-sample,functional
-2.07294664228364,out-of-sample,functional
-2.07139881947563,out-of-sample,functional
-2.12177928040201,out-of-sample,functional
-2.06880657212131,out-of-sample,functional
-2.07739269201527,out-of-sample,functional
-2.02690983655192,out-of-sample,functional
-2.09535181423863,out-of-sample,functional
-2.0853943409802,out-of-sample,functional
-2.04444212396794,out-of-sample,functional
-2.10435816066113,out-of-sample,functional
-2.15110771011664,out-of-sample,functional
-2.06758520329868,out-of-sample,functional
-2.07809462287031,out-of-sample,functional
-2.07413051816486,out-of-sample,functional
-2.17237236888895,out-of-sample,functional
-2.05413653400374,out-of-sample,functional
-2.0564211517517,out-of-sample,functional
-2.09887521645873,out-of-sample,functional
-2.13714571003213,out-of-sample,functional
-2.08782179663073,out-of-sample,functional
-2.08985248769501,out-of-sample,functional
-2.13946372778403,out-of-sample,functional
-2.10887577260318,out-of-sample,functional
-2.10762423463776,out-of-sample,functional
-2.15376214129733,out-of-sample,functional
-2.05450055983888,out-of-sample,functional
-2.09877081431721,out-of-sample,functional
-2.06832273151669,out-of-sample,functional
-2.07513102419451,out-of-sample,functional
-2.09113065057987,out-of-sample,functional
-2.04240108709937,out-of-sample,functional
-2.06917783361974,out-of-sample,functional
-2.09749443891652,out-of-sample,functional
-2.04296801132017,out-of-sample,functional
-2.12760813537594,out-of-sample,functional
-2.08237540044567,out-of-sample,functional
-2.07765730150773,out-of-sample,functional
-2.08074274028173,out-of-sample,functional
-2.09041444994085,out-of-sample,functional
-2.13103289648714,out-of-sample,functional
-2.07315021073012,out-of-sample,functional
-2.08954969728457,out-of-sample,functional
-2.04525450122433,out-of-sample,functional
-2.12516899725947,out-of-sample,functional
-2.07995990980319,out-of-sample,functional
-2.12431903549507,out-of-sample,functional
-2.12540332925813,out-of-sample,functional
-2.05265817535854,out-of-sample,functional
-2.1191736985598,out-of-sample,functional
-2.11538889847673,out-of-sample,functional
-2.08517629682338,out-of-sample,functional
-2.11731269699679,out-of-sample,functional
-2.10993523986114,out-of-sample,functional
-2.06075435601333,out-of-sample,functional
-2.06138552720626,out-of-sample,functional
-2.06430139516852,out-of-sample,functional
-2.08942650822512,out-of-sample,functional
-2.08064073917938,out-of-sample,functional
-2.08639466711628,out-of-sample,functional
-2.07704183247968,out-of-sample,functional
-2.03673901060356,out-of-sample,functional
-2.08887774813072,out-of-sample,functional
-2.08412941903577,out-of-sample,functional
-2.05251005032096,out-of-sample,functional
-2.08010837889527,out-of-sample,functional
-2.0718187760343,out-of-sample,functional
-2.03248955705244,out-of-sample,functional
-2.08243151956444,out-of-sample,functional
-2.13181900907467,out-of-sample,functional
-2.12684841039656,out-of-sample,functional
-2.08289411766351,out-of-sample,functional
-2.08805080058201,out-of-sample,functional
-2.08694766752155,out-of-sample,functional
-2.10852595170887,out-of-sample,functional
-2.0926024882362,out-of-sample,functional
-2.06931289605752,out-of-sample,functional
-2.09560390108705,out-of-sample,functional
-2.04862712688548,out-of-sample,functional
-2.04442391076583,out-of-sample,functional
-2.04943293312867,out-of-sample,functional
-2.08522188269401,out-of-sample,functional
-2.1010962696942,out-of-sample,functional
-2.04615074642605,out-of-sample,functional
-2.08403332791323,out-of-sample,functional
-2.10350740334306,out-of-sample,functional
-2.05693023522237,out-of-sample,functional
-2.06749300917975,out-of-sample,functional
-2.09121478431103,out-of-sample,functional
-2.07393239082287,out-of-sample,functional
-2.09694730429005,out-of-sample,functional
-2.07363828225636,out-of-sample,functional
-2.08579507397643,out-of-sample,functional
-2.07086634418953,out-of-sample,functional
-2.07712830265575,out-of-sample,functional
-2.09110079224838,out-of-sample,functional
-2.09143470796553,out-of-sample,functional
-2.11602465396927,out-of-sample,functional
-2.0948030531025,out-of-sample,functional
-2.13004829027044,out-of-sample,functional
-2.07045850445115,out-of-sample,functional
-2.09153733176249,out-of-sample,functional
-2.09261970400311,out-of-sample,functional
-2.09021265368503,out-of-sample,functional
-2.11087391551058,out-of-sample,functional
-2.09144571252397,out-of-sample,functional
-2.11177204468236,out-of-sample,functional
-2.1043022246871,out-of-sample,functional
-2.09138607440488,out-of-sample,functional
-2.06677729508556,out-of-sample,functional
-2.14470369470741,out-of-sample,functional
-2.06136167765566,out-of-sample,functional
-2.13620404167905,out-of-sample,functional
-2.09505415706322,out-of-sample,functional
-2.15119736094437,out-of-sample,functional
-2.06510732505503,out-of-sample,functional
-2.13306041371841,out-of-sample,functional
-2.11938098014363,out-of-sample,functional
-2.13308345239457,out-of-sample,functional
-2.10039510183251,out-of-sample,functional
-2.12783316931063,out-of-sample,functional
-2.15374533015257,out-of-sample,functional
-2.10541990037039,out-of-sample,functional
-2.12425381223105,out-of-sample,functional
-2.07031335063611,out-of-sample,functional
-2.11334538874296,out-of-sample,functional
-2.11385987428906,out-of-sample,functional
-2.10544849991627,out-of-sample,functional
-2.11813253414921,out-of-sample,functional
-2.0826844960419,out-of-sample,functional
-2.10282620926047,out-of-sample,functional
-2.11271088964653,out-of-sample,functional
-2.07511269099829,out-of-sample,functional
-2.1000098633447,out-of-sample,functional
-2.08337985891516,out-of-sample,functional
-2.06488286778837,out-of-sample,functional
-2.09497910581674,out-of-sample,functional
-2.12723985292869,out-of-sample,functional
-2.09937706554509,out-of-sample,functional
-2.06238985289305,out-of-sample,functional
-2.12579850310366,out-of-sample,functional
-2.10167031598976,out-of-sample,functional
-2.05224088411,out-of-sample,functional
-2.05698301647855,out-of-sample,functional
-2.07387596248911,out-of-sample,functional
-2.11890054426419,out-of-sample,functional
-2.0434460415654,out-of-sample,functional
-2.10381309503503,out-of-sample,functional
-2.09877870086553,out-of-sample,functional
-2.11924464371062,out-of-sample,functional
-2.08980793924562,out-of-sample,functional
-2.10628124937045,out-of-sample,functional
-2.10195303012444,out-of-sample,functional
-2.06066550039469,out-of-sample,functional
-2.15582311489221,out-of-sample,functional
-2.09926033237495,out-of-sample,functional
-2.05982629629302,out-of-sample,functional
-2.11602378305461,out-of-sample,functional
-2.1111295651204,out-of-sample,functional
-2.06630067125622,out-of-sample,functional
-2.05671275081287,out-of-sample,functional
-2.13066117160771,out-of-sample,functional
-2.08085937395921,out-of-sample,functional
-2.06642563097699,out-of-sample,functional
-2.11706370655609,out-of-sample,functional
-2.08486865920725,out-of-sample,functional
-2.10157148959373,out-of-sample,functional
-2.07807603762898,out-of-sample,functional
-2.07482792629449,out-of-sample,functional
-2.08874916705451,out-of-sample,functional
-2.09555538660362,out-of-sample,functional
-2.09773391811179,out-of-sample,functional
-2.07750133002531,out-of-sample,functional
-2.04020337752576,out-of-sample,functional
-2.04819947717293,out-of-sample,functional
-2.09270583216937,out-of-sample,functional
-2.10346647283926,out-of-sample,functional
-2.07651926781483,out-of-sample,functional
-2.05612364849026,out-of-sample,functional
-2.08498650116041,out-of-sample,functional
-2.09292281142852,out-of-sample,functional
-2.1177541376506,out-of-sample,functional
-2.07301251233251,out-of-sample,functional
-2.07348044776688,out-of-sample,functional
-2.06765158274545,out-of-sample,functional
-2.10882271740835,out-of-sample,functional
-2.17994618623529,out-of-sample,functional
-2.11705095152809,out-of-sample,functional
-2.12672368871549,out-of-sample,functional
-2.12427729087071,out-of-sample,functional
-2.07718884186962,out-of-sample,functional
-2.09517530551187,out-of-sample,functional
-2.1135684808364,out-of-sample,functional
-2.11720008855044,out-of-sample,functional
-2.04775549831945,out-of-sample,functional
-2.09994319263849,out-of-sample,functional
-2.05595787198207,out-of-sample,functional
-2.13646498346628,out-of-sample,functional
-2.06128313643996,out-of-sample,functional
-2.17472465907327,out-of-sample,functional
-2.10256788390734,out-of-sample,functional
-2.12735545755913,out-of-sample,functional
-2.14222616967991,out-of-sample,functional
-2.09661123030575,out-of-sample,functional
-2.10246758528037,out-of-sample,functional
-2.13440459705778,out-of-sample,functional
-2.15509177139677,out-of-sample,functional
-2.10367017948969,out-of-sample,functional
-2.10227868593375,out-of-sample,functional
-2.08140022462182,out-of-sample,functional
-2.0636529496126,out-of-sample,functional
-2.07164137008314,out-of-sample,functional
-2.10492755335493,out-of-sample,functional
-2.10207678259962,out-of-sample,functional
-2.07855159459746,out-of-sample,functional
-2.14599888188805,out-of-sample,functional
-2.11254414423725,out-of-sample,functional
-2.10304252159954,out-of-sample,functional
-2.0431923393249,out-of-sample,functional
-2.13659646507513,out-of-sample,functional
-2.07780079084768,out-of-sample,functional
-2.04556538317735,out-of-sample,functional
-2.08104408840518,out-of-sample,functional
-2.08720976927434,out-of-sample,functional
-2.10211399411826,out-of-sample,functional
-2.08084149566628,out-of-sample,functional
-2.10920678557918,out-of-sample,functional
-2.04321363921766,out-of-sample,functional
-2.05108290870305,out-of-sample,functional
-2.11305312814848,out-of-sample,functional
-2.099442111474,out-of-sample,functional
-2.09407882129336,out-of-sample,functional
-2.09720766954575,out-of-sample,functional
-2.09930738496527,out-of-sample,functional
-2.12329010327608,out-of-sample,functional
-2.10021003863208,out-of-sample,functional
-2.10795748628926,out-of-sample,functional
-2.136904949073,out-of-sample,functional
-2.11638753722659,out-of-sample,functional
-2.04785384174344,out-of-sample,functional
-2.03209327860533,out-of-sample,functional
-2.07471406105863,out-of-sample,functional
-2.0977988282186,out-of-sample,functional
-2.07470089449134,out-of-sample,functional
-2.09000380707614,out-of-sample,functional
-2.0687786188964,out-of-sample,functional
-2.04106894087508,out-of-sample,functional
-2.08530033687574,out-of-sample,functional
-2.06599567836493,out-of-sample,functional
-2.05836175612364,out-of-sample,functional
-2.1054591454464,out-of-sample,functional
-2.08285694835585,out-of-sample,functional
-2.08393875851142,out-of-sample,functional
-2.08079627820407,out-of-sample,functional
-2.06007714908305,out-of-sample,functional
-2.09878677965018,out-of-sample,functional
-2.06363321744317,out-of-sample,functional
-2.10554482387439,out-of-sample,functional
-2.07300300487209,out-of-sample,functional
-2.0810037191347,out-of-sample,functional
-2.08960249102471,out-of-sample,functional
-2.06106140986835,out-of-sample,functional
-2.09772254693502,out-of-sample,functional
-2.05126435007737,out-of-sample,functional
-2.07606081816539,out-of-sample,functional
-2.08787075646637,out-of-sample,functional
-2.09566934637867,out-of-sample,functional
-2.10847445342244,out-of-sample,functional
-2.11325650107755,out-of-sample,functional
-2.11992844770626,out-of-sample,functional
-2.13057767261469,out-of-sample,functional
-2.08360080037978,out-of-sample,functional
-2.09020522033874,out-of-sample,functional
-2.0912008014268,out-of-sample,functional
-2.08797847759488,out-of-sample,functional
-2.11653170218931,out-of-sample,functional
-2.10209242268837,out-of-sample,functional
-2.06737849881721,out-of-sample,functional
-2.07678444316507,out-of-sample,functional
-2.09625115603779,out-of-sample,functional
-2.11197920626907,out-of-sample,functional
-2.10938348712595,out-of-sample,functional
-2.06412958052003,out-of-sample,functional
-2.05544468667236,out-of-sample,functional
-2.07159766247764,out-of-sample,functional
-2.1298480379833,out-of-sample,functional
-2.09862383568914,out-of-sample,functional
-2.12027680797892,out-of-sample,functional
-2.11381667690651,out-of-sample,functional
-2.07240950436823,out-of-sample,functional
-2.07622702972315,out-of-sample,functional
-2.08609761538383,out-of-sample,functional
-2.0626290463735,out-of-sample,functional
-2.12237159346757,out-of-sample,functional
-2.10133638767159,out-of-sample,functional
-2.05683187979314,out-of-sample,functional
-2.03482624153943,out-of-sample,functional
-2.07521960002221,out-of-sample,functional
-2.05546311433407,out-of-sample,functional
-2.11886482380203,out-of-sample,functional
-2.06250235698746,out-of-sample,functional
-2.07267763403527,out-of-sample,functional
-2.09647958723597,out-of-sample,functional
-2.07989694128889,out-of-sample,functional
-2.06507168633429,out-of-sample,functional
-2.1238898111945,out-of-sample,functional
-2.09167620330548,out-of-sample,functional
-2.04663958448507,out-of-sample,functional
-2.14009913614037,out-of-sample,functional
-2.07782777281671,out-of-sample,functional
-2.08923500127449,out-of-sample,functional
-2.04950556806822,out-of-sample,functional
-2.07311737105805,out-of-sample,functional
-2.01828395328902,out-of-sample,functional
-2.10621364534915,out-of-sample,functional
-2.05224083994273,out-of-sample,functional
-2.0485194790644,out-of-sample,functional
-2.05859731297467,out-of-sample,functional
-2.07349847319454,out-of-sample,functional
-2.0952268359574,out-of-sample,functional
-2.02407452645735,out-of-sample,functional
-2.05224057164455,out-of-sample,functional
-2.07149054086624,out-of-sample,functional
-2.05190119384155,out-of-sample,functional
-2.13706534771515,out-of-sample,functional
-2.05547023399882,out-of-sample,functional
-2.1072800989616,out-of-sample,functional
-2.17987965338233,out-of-sample,functional
-2.13723231535463,out-of-sample,functional
-2.07708802114503,out-of-sample,functional
-2.09185857390643,out-of-sample,functional
-2.08223998652694,out-of-sample,functional
-2.08704640317526,out-of-sample,functional
-2.09448767398724,out-of-sample,functional
-2.05980351388941,out-of-sample,functional
-2.07118497403257,out-of-sample,functional
-2.13858936768759,out-of-sample,functional
-2.09217619625882,out-of-sample,functional
-2.05699406940469,out-of-sample,functional
-2.11280126037764,out-of-sample,functional
-2.08255662316777,out-of-sample,functional
-2.10461348864265,out-of-sample,functional
-2.08778371104936,out-of-sample,functional
-2.0686260678946,out-of-sample,functional
-2.09541984094578,out-of-sample,functional
-2.10150052015622,out-of-sample,functional
-2.09773955601459,out-of-sample,functional
-2.10000438455865,out-of-sample,functional
-2.10092921918534,out-of-sample,functional
-2.12047822977458,out-of-sample,functional
-2.08894211538934,out-of-sample,functional
-2.1155757191271,out-of-sample,functional
-2.09078279372061,out-of-sample,functional
-2.08786870416246,out-of-sample,functional
-2.06939113956695,out-of-sample,functional
-2.16030486044333,out-of-sample,functional
-2.08707400258452,out-of-sample,functional
-2.11979157575415,out-of-sample,functional
-2.101687954279,out-of-sample,functional
-2.10797753903868,out-of-sample,functional
-2.10322881060204,out-of-sample,functional
-2.09598417282551,out-of-sample,functional
-2.08677364438714,out-of-sample,functional
-2.08352804902202,out-of-sample,functional
-2.12187776145293,out-of-sample,functional
-2.13787648066946,out-of-sample,functional
-2.11153245057748,out-of-sample,functional
-2.08078574863982,out-of-sample,functional
-2.13108738779841,out-of-sample,functional
-2.08345269160259,out-of-sample,functional
-2.10299680204865,out-of-sample,functional
-2.07942418773624,out-of-sample,functional
-2.0917043788946,out-of-sample,functional
-2.09588729945798,out-of-sample,functional
-2.06663936896854,out-of-sample,functional
-2.06632401835983,out-of-sample,functional
-2.09628740806549,out-of-sample,functional
-2.08201546976309,out-of-sample,functional
-2.12201946018543,out-of-sample,functional
-2.11864297055647,out-of-sample,functional
-2.10559446777841,out-of-sample,functional
-2.09928924592086,out-of-sample,functional
-2.11771386648515,out-of-sample,functional
-2.10885195271351,out-of-sample,functional
-2.08086362428786,out-of-sample,functional
-2.07915599036236,out-of-sample,functional
-2.07372401240751,out-of-sample,functional
-2.07996352980019,out-of-sample,functional
-2.11925420205466,out-of-sample,functional
-2.06321712972884,out-of-sample,functional
-2.09426460288212,out-of-sample,functional
-2.18696627724685,out-of-sample,functional
-2.14104912368954,out-of-sample,functional
-2.11211541954313,out-of-sample,functional
-2.11662635088039,out-of-sample,functional
-2.08069152892278,out-of-sample,functional
-2.12801931128422,out-of-sample,functional
-2.10463719571626,out-of-sample,functional
-2.06627985338767,out-of-sample,functional
-2.07770181238422,out-of-sample,functional
-2.05509966798073,out-of-sample,functional
-2.06771996452489,out-of-sample,functional
-2.0641317188288,out-of-sample,functional
-2.11691988331206,out-of-sample,functional
-2.08843104761052,out-of-sample,functional
-2.08809514894767,out-of-sample,functional
-2.08970836784619,out-of-sample,functional
-2.10789020565981,out-of-sample,functional
-2.15554479482933,out-of-sample,functional
-2.09833623847346,out-of-sample,functional
-2.05250955011076,out-of-sample,functional
-2.11099713315637,out-of-sample,functional
-2.05629730856618,out-of-sample,functional
-2.10453275709458,out-of-sample,functional
-2.11246211557744,out-of-sample,functional
-2.11176603727834,out-of-sample,functional
-2.10960024337644,out-of-sample,functional
-2.08902126143425,out-of-sample,functional
-2.10207633381798,out-of-sample,functional
-2.12220103973311,out-of-sample,functional
-2.15666313295916,out-of-sample,functional
-2.09471025715951,out-of-sample,functional
-2.11416308310505,out-of-sample,functional
-2.14710020394984,out-of-sample,functional
-2.06881257493354,out-of-sample,functional
-2.05598142555525,out-of-sample,functional
-2.08749374194288,out-of-sample,functional
-2.14561759166414,out-of-sample,functional
-2.0760843117792,out-of-sample,functional
-2.10189612358212,out-of-sample,functional
-2.10015124398976,out-of-sample,functional
-2.10324066542333,out-of-sample,functional
-2.11286467235398,out-of-sample,functional
-2.12463880247423,out-of-sample,functional
-2.15420890051654,out-of-sample,functional
-2.10818904098126,out-of-sample,functional
-2.11344028582356,out-of-sample,functional
-2.07966384152405,out-of-sample,functional
-2.08384053953461,out-of-sample,functional
-2.08778652233257,out-of-sample,functional
-2.09768706444881,out-of-sample,functional
-2.07745845185145,out-of-sample,functional
-2.11872410021755,out-of-sample,functional
-2.07099210545907,out-of-sample,functional
-2.06472069140348,out-of-sample,functional
-2.07246016047819,out-of-sample,functional
-2.09391711863652,out-of-sample,functional
-2.11716893849598,out-of-sample,functional
-2.11063283010977,out-of-sample,functional
-2.10931427393395,out-of-sample,functional
-2.07132280684978,out-of-sample,functional
-2.13630152462376,out-of-sample,functional
-2.07550594983195,out-of-sample,functional
-2.11842712849062,out-of-sample,functional
-2.10165845484328,out-of-sample,functional
-2.09082239275867,out-of-sample,functional
-2.0760820171677,out-of-sample,functional
-2.08597750581736,out-of-sample,functional
-2.06349510106222,out-of-sample,functional
-2.05473771756196,out-of-sample,functional
-2.06354091917619,out-of-sample,functional
-2.10295978327066,out-of-sample,functional
-2.12949852973358,out-of-sample,functional
-2.07110959520693,out-of-sample,functional
-2.085508841712,out-of-sample,functional
-2.05740870919243,out-of-sample,functional
-2.06122516500461,out-of-sample,functional
-2.12314247150768,out-of-sample,functional
-2.101033622965,out-of-sample,functional
-2.10874675127758,out-of-sample,functional
-2.13282744965573,out-of-sample,functional
-2.07472812815687,out-of-sample,functional
-2.08275132353782,out-of-sample,functional
-2.08582834815803,out-of-sample,functional
-2.06902833039113,out-of-sample,functional
-2.07341998603808,out-of-sample,functional
-2.09889775458954,out-of-sample,functional
-2.11526358575555,out-of-sample,functional
-2.12718518256592,out-of-sample,functional
-2.07207206953238,out-of-sample,functional
-2.10294034978622,out-of-sample,functional
-2.09679556820327,out-of-sample,functional
-2.10001079758564,out-of-sample,functional
-2.09340802953705,out-of-sample,functional
-2.12900372117244,out-of-sample,functional
-2.05586676359523,out-of-sample,functional
-2.09182006723091,out-of-sample,functional
-2.12677099689308,out-of-sample,functional
-2.15178538888869,out-of-sample,functional
-2.10632374321065,out-of-sample,functional
-2.104532134389,out-of-sample,functional
-2.07111809104951,out-of-sample,functional
-2.0828345117478,out-of-sample,functional
-2.0825522088,out-of-sample,functional
-2.12048559409781,out-of-sample,functional
-2.09747444935264,out-of-sample,functional
-2.05441294643881,out-of-sample,functional
-2.08355301812196,out-of-sample,functional
-2.10346493335226,out-of-sample,functional
-2.0705032158647,out-of-sample,functional
-2.07592242241761,out-of-sample,functional
-2.0750021181462,out-of-sample,functional
-2.05171305223612,out-of-sample,functional
-2.09665406592552,out-of-sample,functional
-2.07757050072335,out-of-sample,functional
-2.07629682013794,out-of-sample,functional
-2.06181418512468,out-of-sample,functional
-2.09084396103646,out-of-sample,functional
-2.09411809891695,out-of-sample,functional
-2.03234896228952,out-of-sample,functional
-2.11810709885609,out-of-sample,functional
-2.09373408326982,out-of-sample,functional
-2.13531779677113,out-of-sample,functional
-2.04793690041724,out-of-sample,functional
-2.06880551196846,out-of-sample,functional
-2.06415706724994,out-of-sample,functional
-2.0701198886544,out-of-sample,functional
-2.082211011525,out-of-sample,functional
-2.1193597226553,out-of-sample,functional
-2.07676212699037,out-of-sample,functional
-2.06647605128676,out-of-sample,functional
-2.08363254292528,out-of-sample,functional
-2.06995170671346,out-of-sample,functional
-2.08548521395531,out-of-sample,functional
-2.03137749865416,out-of-sample,functional
-2.06924478235154,out-of-sample,functional
-2.0975650813292,out-of-sample,functional
-2.08854981379565,out-of-sample,functional
-2.12413133443122,out-of-sample,functional
-2.09436184414589,out-of-sample,functional
-2.07902752483377,out-of-sample,functional
-2.11313422284777,out-of-sample,functional
-2.13970640470111,out-of-sample,functional
-2.09025564818077,out-of-sample,functional
-2.08123525045052,out-of-sample,functional
-2.08780072913563,out-of-sample,functional
-2.10586124404296,out-of-sample,functional
-2.07575603425994,out-of-sample,functional
-2.08267314222598,out-of-sample,functional
-2.08812105987179,out-of-sample,functional
-2.11964306949114,out-of-sample,functional
-2.09122079171163,out-of-sample,functional
-2.08822543644709,out-of-sample,functional
-2.09334825688043,out-of-sample,functional
-2.0660685396479,out-of-sample,functional
-2.06677223754142,out-of-sample,functional
-2.11430587545499,out-of-sample,functional
-2.08114057748237,out-of-sample,functional
-2.06442804757915,out-of-sample,functional
-2.06820388922362,out-of-sample,functional
-2.0719305417739,out-of-sample,functional
-2.073347483387,out-of-sample,functional
-2.07094432024284,out-of-sample,functional
-2.09917042320729,out-of-sample,functional
-2.101603455069,out-of-sample,functional
-2.10098160415925,out-of-sample,functional
-2.07753040590424,out-of-sample,functional
-2.10901928533339,out-of-sample,functional
-2.104330686674,out-of-sample,functional
-2.08115728263653,out-of-sample,functional
-2.10988878865514,out-of-sample,functional
-2.08560435030178,out-of-sample,functional
-2.05414769511274,out-of-sample,functional
-2.08047757250765,out-of-sample,functional
-2.05704938314981,out-of-sample,functional
-2.08267458162649,out-of-sample,functional
-2.04599310749298,out-of-sample,functional
-2.10321576258753,out-of-sample,functional
-2.11966444715149,out-of-sample,functional
-2.07489744203317,out-of-sample,functional
-2.06522712368563,out-of-sample,functional
-2.10636284230585,out-of-sample,functional
-2.0579535254018,out-of-sample,functional
-2.04187677193544,out-of-sample,functional
-2.07588900912382,out-of-sample,functional
-2.10029348123856,out-of-sample,functional
-2.03293184157728,out-of-sample,functional
-2.14341771712451,out-of-sample,functional
-2.08851387554881,out-of-sample,functional
-2.08087707064486,out-of-sample,functional
-2.1187069895704,out-of-sample,functional
-2.09959166131502,out-of-sample,functional
-2.08851132098406,out-of-sample,functional
-2.09163511885075,out-of-sample,functional
-2.1122670920298,out-of-sample,functional
-2.10216700239369,out-of-sample,functional
-2.08380276354606,out-of-sample,functional
-2.11481382439279,out-of-sample,functional
-2.10535623132444,out-of-sample,functional
-2.08962587242129,out-of-sample,functional
-2.05144220034657,out-of-sample,functional
-2.08873428444936,out-of-sample,functional
-2.07410916388555,out-of-sample,functional
-2.08311177697874,out-of-sample,functional
-2.07077314495836,out-of-sample,functional
-2.10992714612232,out-of-sample,functional
-2.09914962225052,out-of-sample,functional
-2.04937410782944,out-of-sample,functional
-2.110975806847,out-of-sample,functional
-2.0870681771873,out-of-sample,functional
-2.03843472782497,out-of-sample,functional
-2.06408890684706,out-of-sample,functional
-2.09889374570501,out-of-sample,functional
-2.09565528581952,out-of-sample,functional
-2.11988250022102,out-of-sample,functional
-2.06489780460972,out-of-sample,functional
-2.13450411916059,out-of-sample,functional
-2.09541407166186,out-of-sample,functional
-2.07511621140245,out-of-sample,functional
-2.10227446194285,out-of-sample,functional
-2.06081141262618,out-of-sample,functional
-2.11206615098242,out-of-sample,functional
-2.10576256559761,out-of-sample,functional
-2.10542269410474,out-of-sample,functional
-2.06531219345143,out-of-sample,functional
-2.07477228812855,out-of-sample,functional
-2.11458161670112,out-of-sample,functional
-2.0560005344043,out-of-sample,functional
-2.06965841260574,out-of-sample,functional
-2.09375277569251,out-of-sample,functional
-2.08756704398189,out-of-sample,functional
-2.09859472749721,out-of-sample,functional
-2.08765733303211,out-of-sample,functional
-2.04871528235515,out-of-sample,functional
-2.05384835830397,out-of-sample,functional
-2.09014335856758,out-of-sample,functional
-2.07298552263226,out-of-sample,functional
-2.07848337128953,out-of-sample,functional
-2.08396491807354,out-of-sample,functional
-2.04980286093373,out-of-sample,functional
-2.10730105714485,out-of-sample,functional
-2.0267242087429,out-of-sample,functional
-2.07620918685554,out-of-sample,functional
-2.07731958808337,out-of-sample,functional
-2.07877514092248,out-of-sample,functional
-2.07004300646851,out-of-sample,functional
-2.05254786477552,out-of-sample,functional
-2.0558216787831,out-of-sample,functional
-2.09454127357791,out-of-sample,functional
-2.06128383926884,out-of-sample,functional
-2.07683993266296,out-of-sample,functional
-2.0746053606692,out-of-sample,functional
-2.07582058431964,out-of-sample,functional
-2.07341438625158,out-of-sample,functional
-2.06479891747551,out-of-sample,functional
-2.07989039052967,out-of-sample,functional
-2.11995192261352,out-of-sample,functional
-2.09170608542163,out-of-sample,functional
-2.07089559742186,out-of-sample,functional
-2.08099373600522,out-of-sample,functional
-2.07411828670993,out-of-sample,functional
-2.13109687705167,out-of-sample,functional
-2.05918028730685,out-of-sample,functional
-2.107441596831,out-of-sample,functional
-2.1148506172016,out-of-sample,functional
-2.10829172931635,out-of-sample,functional
-2.06186535638288,out-of-sample,functional
-2.06617800735178,out-of-sample,functional
-2.09062432692534,out-of-sample,functional
-2.07940546035871,out-of-sample,functional
-2.05223576104316,out-of-sample,functional
-2.08190426733545,out-of-sample,functional
-2.10675657179899,out-of-sample,functional
-2.0832558920269,out-of-sample,functional
-2.0666480641589,out-of-sample,functional
-2.09141518791803,out-of-sample,functional
-2.05849096322745,out-of-sample,functional
-2.09233069095945,out-of-sample,functional
-2.12096345306973,out-of-sample,functional
-2.10942806807567,out-of-sample,functional
-2.07400923063755,out-of-sample,functional
-2.09163691308922,out-of-sample,functional
-2.08615327297385,out-of-sample,functional
-2.06003238228279,out-of-sample,functional
-2.11261113606718,out-of-sample,functional
-2.06617801029124,out-of-sample,functional
-2.01401783231219,out-of-sample,functional
-2.07907360083955,out-of-sample,functional
-2.08911913459163,out-of-sample,functional
-2.10407669108726,out-of-sample,functional
-2.08041310645112,out-of-sample,functional
-2.08986984530043,out-of-sample,functional
-2.08938399436057,out-of-sample,functional
-2.10757142459773,out-of-sample,functional
-2.09732758070391,out-of-sample,functional
-2.09395945394475,out-of-sample,functional
-2.08000578116129,out-of-sample,functional
-2.08352381055807,out-of-sample,functional
-2.08105630598889,out-of-sample,functional
-2.0919002285253,out-of-sample,functional
-2.06400869447951,out-of-sample,functional
-2.09661386053834,out-of-sample,functional
-2.0566706776463,out-of-sample,functional
-2.11690691599046,out-of-sample,functional
-2.06859037375399,out-of-sample,functional
-2.06569817631783,out-of-sample,functional
-2.09282471495595,out-of-sample,functional
-2.07992675213757,out-of-sample,functional
-2.10215957678552,out-of-sample,functional
-2.13255521334435,out-of-sample,functional
-2.06629912160568,out-of-sample,functional
-2.12562063187435,out-of-sample,functional
-2.06739537324225,out-of-sample,functional
-2.15037550924967,out-of-sample,functional
-2.11632793245494,out-of-sample,functional
-2.09060153573946,out-of-sample,functional
-2.113232581891,out-of-sample,functional
-2.09882452283427,out-of-sample,functional
-2.13005782617647,out-of-sample,functional
-2.12157698990102,out-of-sample,functional
-2.09159547293345,out-of-sample,functional
-2.1302013065666,out-of-sample,functional
-2.06046967901864,out-of-sample,functional
-2.06184637040124,out-of-sample,functional
-2.08471382071789,out-of-sample,functional
-2.10039227810459,out-of-sample,functional
-2.06520324676331,out-of-sample,functional
-2.09136449796994,out-of-sample,functional
-2.08651264148688,out-of-sample,functional
-2.16284949742735,out-of-sample,functional
-2.10292952070465,out-of-sample,functional
-2.10772994640158,out-of-sample,functional
-2.10875396921703,out-of-sample,functional
-2.05970470627412,out-of-sample,functional
-2.06209400764893,out-of-sample,functional
-2.08269309482301,out-of-sample,functional
-2.11838295933408,out-of-sample,functional
-2.01889423765747,out-of-sample,functional
-2.06761484745566,out-of-sample,functional
-2.11458120023802,out-of-sample,functional
-2.1103033138363,out-of-sample,functional
-2.08464822265253,out-of-sample,functional
-2.07242656332337,out-of-sample,functional
-2.04727266018915,out-of-sample,functional
-2.09049149383092,out-of-sample,functional
-2.12976802744438,out-of-sample,functional
-2.09705511279107,out-of-sample,functional
-2.09910491917537,out-of-sample,functional
-2.0956658309654,out-of-sample,functional
-2.06003819728596,out-of-sample,functional
-2.07952161091684,out-of-sample,functional
-2.05795211687255,out-of-sample,functional
-2.11243262071323,out-of-sample,functional
-2.10324773244276,out-of-sample,functional
-2.11317283710368,out-of-sample,functional
-2.11193941887059,out-of-sample,functional
-2.0784010642834,out-of-sample,functional
-2.10230181060072,out-of-sample,functional
-2.06379577518298,out-of-sample,functional
-2.08991124633366,out-of-sample,functional
-2.07111086777573,out-of-sample,functional
-2.0911275344053,out-of-sample,functional
-2.09824632798995,out-of-sample,functional
-2.06052515597047,out-of-sample,functional
-2.10556541179472,out-of-sample,functional
-2.09424471008502,out-of-sample,functional
-2.06174605679833,out-of-sample,functional
-2.10399290513797,out-of-sample,functional
-2.09026007270376,out-of-sample,functional
-2.10458438397763,out-of-sample,functional
-2.05893367463629,out-of-sample,functional
-2.07447450438858,out-of-sample,functional
-2.09404229001066,out-of-sample,functional
-2.09763509410205,out-of-sample,functional
-2.08167446585573,out-of-sample,functional
-2.09437106893075,out-of-sample,functional
-2.0874783148533,out-of-sample,functional
-2.13206168826678,out-of-sample,functional
-2.05489382069819,out-of-sample,functional
-2.09252627114,out-of-sample,functional
-2.10111735738245,out-of-sample,functional
-2.07906296987495,out-of-sample,functional
-2.09645510863263,out-of-sample,functional
-2.10685419438009,out-of-sample,functional
-2.0442755514786,out-of-sample,functional
-2.06205707534932,out-of-sample,functional
-2.04924513874204,out-of-sample,functional
-2.09865923504985,out-of-sample,functional
-2.10955420007061,out-of-sample,functional
-2.08375037975881,out-of-sample,functional
-2.12144715336999,out-of-sample,functional
-2.10959553166836,out-of-sample,functional
-2.11930195357185,out-of-sample,functional
-2.05891678635049,out-of-sample,functional
-2.09707190076966,out-of-sample,functional
-2.0825641287001,out-of-sample,functional
-2.07657174357244,out-of-sample,functional
-2.08927306030229,out-of-sample,functional
-2.04687752986537,out-of-sample,functional
-2.09064903728718,out-of-sample,functional
-2.07785362874181,out-of-sample,functional
-2.11731826586247,out-of-sample,functional
-2.07890980467447,out-of-sample,functional
-2.10217273940578,out-of-sample,functional
-2.09865560286678,out-of-sample,functional
-2.06931749410679,out-of-sample,functional
-2.08599362810206,out-of-sample,functional
-2.11921433272124,out-of-sample,functional
-2.09172824477704,out-of-sample,functional
-2.09953646631499,out-of-sample,functional
-2.1116415172732,out-of-sample,functional
-2.05821584358979,out-of-sample,functional
-2.08583986008513,out-of-sample,functional
-2.06109583312389,out-of-sample,functional
-2.07902595712647,out-of-sample,functional
-2.05008238166411,out-of-sample,functional
-2.08270176580402,out-of-sample,functional
-2.06936896273997,out-of-sample,functional
-2.0493867977749,out-of-sample,functional
-2.07823053066014,out-of-sample,functional
-2.10121148937453,out-of-sample,functional
-2.11651966283762,out-of-sample,functional
-2.04786215062118,out-of-sample,functional
-2.06509747044262,out-of-sample,functional
-2.06343906466296,out-of-sample,functional
-2.07400085376882,out-of-sample,functional
-2.096826591983,out-of-sample,functional
-2.07201298750328,out-of-sample,functional
-2.09722664825938,out-of-sample,functional
-2.09284320908499,out-of-sample,functional
-2.09368458284109,out-of-sample,functional
-2.07964104167689,out-of-sample,functional
-2.10745062963312,out-of-sample,functional
-2.06785369666452,out-of-sample,functional
-2.08440122694831,out-of-sample,functional
-2.10184752264716,out-of-sample,functional
-2.08271124403703,out-of-sample,functional
-2.09273200529518,out-of-sample,functional
-2.05669642671043,out-of-sample,functional
-2.10239058454545,out-of-sample,functional
-2.18360263376886,out-of-sample,vanilla
-2.08894811440716,out-of-sample,vanilla
-2.14076630335466,out-of-sample,vanilla
-2.15957404102778,out-of-sample,vanilla
-2.16200007702924,out-of-sample,vanilla
-2.14934087321546,out-of-sample,vanilla
-2.12513357519632,out-of-sample,vanilla
-2.10103391174569,out-of-sample,vanilla
-2.10628115573877,out-of-sample,vanilla
-2.10261098231329,out-of-sample,vanilla
-2.11904338743996,out-of-sample,vanilla
-2.13581278136684,out-of-sample,vanilla
-2.09087404447485,out-of-sample,vanilla
-2.0930115366633,out-of-sample,vanilla
-2.10108205705299,out-of-sample,vanilla
-2.14796173801342,out-of-sample,vanilla
-2.08098477361143,out-of-sample,vanilla
-2.11648200129755,out-of-sample,vanilla
-2.10716132635256,out-of-sample,vanilla
-2.10672384519772,out-of-sample,vanilla
-2.09102995973614,out-of-sample,vanilla
-2.08994560314934,out-of-sample,vanilla
-2.13624699462637,out-of-sample,vanilla
-2.11556425857204,out-of-sample,vanilla
-2.13374783718074,out-of-sample,vanilla
-2.14557146339353,out-of-sample,vanilla
-2.09315398383642,out-of-sample,vanilla
-2.12077932399054,out-of-sample,vanilla
-2.08656882036306,out-of-sample,vanilla
-2.10312757588728,out-of-sample,vanilla
-2.09069050048811,out-of-sample,vanilla
-2.10762185550494,out-of-sample,vanilla
-2.08056870952678,out-of-sample,vanilla
-2.10605190357186,out-of-sample,vanilla
-2.10067669145107,out-of-sample,vanilla
-2.09312071868272,out-of-sample,vanilla
-2.0989352594632,out-of-sample,vanilla
-2.12008012321436,out-of-sample,vanilla
-2.08151404074734,out-of-sample,vanilla
-2.09908441960675,out-of-sample,vanilla
-2.10446077069093,out-of-sample,vanilla
-2.10845796079802,out-of-sample,vanilla
-2.11185849750469,out-of-sample,vanilla
-2.09628956318932,out-of-sample,vanilla
-2.07577324079097,out-of-sample,vanilla
-2.1395942494191,out-of-sample,vanilla
-2.11027831958215,out-of-sample,vanilla
-2.14394512000417,out-of-sample,vanilla
-2.08392738861807,out-of-sample,vanilla
-2.08947178913934,out-of-sample,vanilla
-2.10935636852877,out-of-sample,vanilla
-2.16299011804009,out-of-sample,vanilla
-2.07117916374811,out-of-sample,vanilla
-2.09598240198441,out-of-sample,vanilla
-2.15771468234139,out-of-sample,vanilla
-2.14963193974296,out-of-sample,vanilla
-2.11326823308003,out-of-sample,vanilla
-2.13652203815671,out-of-sample,vanilla
-2.08283709558913,out-of-sample,vanilla
-2.1027217214687,out-of-sample,vanilla
-2.13848742726363,out-of-sample,vanilla
-2.10934213142332,out-of-sample,vanilla
-2.14384452776493,out-of-sample,vanilla
-2.14642815450206,out-of-sample,vanilla
-2.1183328347592,out-of-sample,vanilla
-2.11212244287671,out-of-sample,vanilla
-2.08887894979607,out-of-sample,vanilla
-2.11941473560652,out-of-sample,vanilla
-2.11556977207646,out-of-sample,vanilla
-2.1131991817188,out-of-sample,vanilla
-2.07787039225187,out-of-sample,vanilla
-2.07980976396734,out-of-sample,vanilla
-2.09286889906385,out-of-sample,vanilla
-2.13390626319401,out-of-sample,vanilla
-2.08187695384039,out-of-sample,vanilla
-2.07991559758094,out-of-sample,vanilla
-2.07983940984202,out-of-sample,vanilla
-2.07916426047369,out-of-sample,vanilla
-2.14825672358504,out-of-sample,vanilla
-2.07174496760239,out-of-sample,vanilla
-2.08046039147708,out-of-sample,vanilla
-2.08795621001155,out-of-sample,vanilla
-2.07870811266478,out-of-sample,vanilla
-2.09465332877362,out-of-sample,vanilla
-2.06071358710209,out-of-sample,vanilla
-2.0593820146398,out-of-sample,vanilla
-2.10004676592981,out-of-sample,vanilla
-2.08032301294739,out-of-sample,vanilla
-2.10736115707019,out-of-sample,vanilla
-2.08207678171703,out-of-sample,vanilla
-2.0857468974202,out-of-sample,vanilla
-2.0919704483813,out-of-sample,vanilla
-2.10548117786424,out-of-sample,vanilla
-2.07317967503816,out-of-sample,vanilla
-2.08795083588113,out-of-sample,vanilla
-2.07290308491088,out-of-sample,vanilla
-2.06512181625424,out-of-sample,vanilla
-2.10746860998637,out-of-sample,vanilla
-2.11958522162174,out-of-sample,vanilla
-2.08539509855996,out-of-sample,vanilla
-2.10056320700979,out-of-sample,vanilla
-2.06312967898601,out-of-sample,vanilla
-2.03542964156294,out-of-sample,vanilla
-2.07682373721251,out-of-sample,vanilla
-2.09646725573222,out-of-sample,vanilla
-2.07462140799072,out-of-sample,vanilla
-2.06782706609389,out-of-sample,vanilla
-2.08751530473269,out-of-sample,vanilla
-2.09203384813674,out-of-sample,vanilla
-2.12110056423031,out-of-sample,vanilla
-2.1112097682747,out-of-sample,vanilla
-2.04322421123048,out-of-sample,vanilla
-2.07157970123714,out-of-sample,vanilla
-2.10770878177824,out-of-sample,vanilla
-2.08343331711145,out-of-sample,vanilla
-2.08519230159336,out-of-sample,vanilla
-2.05811118206287,out-of-sample,vanilla
-2.09172999240817,out-of-sample,vanilla
-2.07199464305677,out-of-sample,vanilla
-2.07371903200936,out-of-sample,vanilla
-2.04535855280577,out-of-sample,vanilla
-2.07912978910353,out-of-sample,vanilla
-2.06151588783865,out-of-sample,vanilla
-2.06159486446089,out-of-sample,vanilla
-2.07185485038448,out-of-sample,vanilla
-2.13135073293967,out-of-sample,vanilla
-2.07379663692741,out-of-sample,vanilla
-2.07962133632793,out-of-sample,vanilla
-2.11365679415441,out-of-sample,vanilla
-2.08434396956433,out-of-sample,vanilla
-2.07327493793378,out-of-sample,vanilla
-2.08933989454429,out-of-sample,vanilla
-2.08883134882471,out-of-sample,vanilla
-2.09224426760545,out-of-sample,vanilla
-2.09820821282194,out-of-sample,vanilla
-2.12115501169647,out-of-sample,vanilla
-2.09740391659592,out-of-sample,vanilla
-2.12471911096377,out-of-sample,vanilla
-2.0907755543726,out-of-sample,vanilla
-2.07920240604827,out-of-sample,vanilla
-2.0493199958492,out-of-sample,vanilla
-2.06411433106816,out-of-sample,vanilla
-2.070272951924,out-of-sample,vanilla
-2.029657621343,out-of-sample,vanilla
-2.06406805310435,out-of-sample,vanilla
-2.04363562884848,out-of-sample,vanilla
-2.09295312846814,out-of-sample,vanilla
-2.08314666983476,out-of-sample,vanilla
-2.07808492915771,out-of-sample,vanilla
-2.08396162130529,out-of-sample,vanilla
-2.04851260186461,out-of-sample,vanilla
-2.0740649592235,out-of-sample,vanilla
-2.05756774172674,out-of-sample,vanilla
-2.03110839414978,out-of-sample,vanilla
-2.06274022062685,out-of-sample,vanilla
-2.03145163470262,out-of-sample,vanilla
-2.03307809798013,out-of-sample,vanilla
-2.07088295469276,out-of-sample,vanilla
-2.03132038454028,out-of-sample,vanilla
-2.02019770554446,out-of-sample,vanilla
-2.0402154466591,out-of-sample,vanilla
-2.04804041032892,out-of-sample,vanilla
-2.04765447140532,out-of-sample,vanilla
-2.07226806827623,out-of-sample,vanilla
-2.0737623061138,out-of-sample,vanilla
-2.10852523292813,out-of-sample,vanilla
-2.09404315121811,out-of-sample,vanilla
-2.06762209186497,out-of-sample,vanilla
-2.06139624575217,out-of-sample,vanilla
-2.05852214379454,out-of-sample,vanilla
-2.06123240416605,out-of-sample,vanilla
-2.05646858428798,out-of-sample,vanilla
-2.08700013346041,out-of-sample,vanilla
-2.09360784660233,out-of-sample,vanilla
-2.07338990501269,out-of-sample,vanilla
-2.09684990460566,out-of-sample,vanilla
-2.07766400353647,out-of-sample,vanilla
-2.09674272980759,out-of-sample,vanilla
-2.11097694919929,out-of-sample,vanilla
-2.08379709585982,out-of-sample,vanilla
-2.11087646205779,out-of-sample,vanilla
-2.09142999892106,out-of-sample,vanilla
-2.08619026673135,out-of-sample,vanilla
-2.11819472947061,out-of-sample,vanilla
-2.10766271049773,out-of-sample,vanilla
-2.19930190137501,out-of-sample,vanilla
-2.11029435574428,out-of-sample,vanilla
-2.08106013008122,out-of-sample,vanilla
-2.06932308267253,out-of-sample,vanilla
-2.09900942874601,out-of-sample,vanilla
-2.04150269933081,out-of-sample,vanilla
-2.11361253589788,out-of-sample,vanilla
-2.08242615338433,out-of-sample,vanilla
-2.06018817242532,out-of-sample,vanilla
-2.07580783792778,out-of-sample,vanilla
-2.06390266675641,out-of-sample,vanilla
-2.04594815408179,out-of-sample,vanilla
-2.06742653561915,out-of-sample,vanilla
-2.10559456925634,out-of-sample,vanilla
-2.07191605552259,out-of-sample,vanilla
-2.0925178485089,out-of-sample,vanilla
-2.1107461109276,out-of-sample,vanilla
-2.13079323924232,out-of-sample,vanilla
-2.16265474179131,out-of-sample,vanilla
-2.13950949256882,out-of-sample,vanilla
-2.08137664253094,out-of-sample,vanilla
-2.13001498104721,out-of-sample,vanilla
-2.09759075024062,out-of-sample,vanilla
-2.10892920851132,out-of-sample,vanilla
-2.14136527787208,out-of-sample,vanilla
-2.09308845440306,out-of-sample,vanilla
-2.10458116427468,out-of-sample,vanilla
-2.06517771408099,out-of-sample,vanilla
-2.04349150916958,out-of-sample,vanilla
-2.08757677827069,out-of-sample,vanilla
-2.08425427764601,out-of-sample,vanilla
-2.0912701178662,out-of-sample,vanilla
-2.08611441293357,out-of-sample,vanilla
-2.09986277950929,out-of-sample,vanilla
-2.05348881098135,out-of-sample,vanilla
-2.06565377004694,out-of-sample,vanilla
-2.06543944011765,out-of-sample,vanilla
-2.08094614202454,out-of-sample,vanilla
-2.0955139145964,out-of-sample,vanilla
-2.05735939752346,out-of-sample,vanilla
-2.06845200179147,out-of-sample,vanilla
-2.06077148566314,out-of-sample,vanilla
-2.07414418420249,out-of-sample,vanilla
-2.08091682750706,out-of-sample,vanilla
-2.13157936858288,out-of-sample,vanilla
-2.10424485158262,out-of-sample,vanilla
-2.10724049750457,out-of-sample,vanilla
-2.12763087861901,out-of-sample,vanilla
-2.11681179343596,out-of-sample,vanilla
-2.07515361890194,out-of-sample,vanilla
-2.09824325138362,out-of-sample,vanilla
-2.06836849058242,out-of-sample,vanilla
-2.0739825651143,out-of-sample,vanilla
-2.07988561103159,out-of-sample,vanilla
-2.11680785154388,out-of-sample,vanilla
-2.08588262805857,out-of-sample,vanilla
-2.12438589842163,out-of-sample,vanilla
-2.13505157033451,out-of-sample,vanilla
-2.0906128254367,out-of-sample,vanilla
-2.12772083026269,out-of-sample,vanilla
-2.09717473386162,out-of-sample,vanilla
-2.09819020283269,out-of-sample,vanilla
-2.11669282488652,out-of-sample,vanilla
-2.10096645114128,out-of-sample,vanilla
-2.11553472575888,out-of-sample,vanilla
-2.1224477441236,out-of-sample,vanilla
-2.09190563678135,out-of-sample,vanilla
-2.06537762448891,out-of-sample,vanilla
-2.08878398144285,out-of-sample,vanilla
-2.07163753549329,out-of-sample,vanilla
-2.06051471515409,out-of-sample,vanilla
-2.09481623041207,out-of-sample,vanilla
-2.09377618463804,out-of-sample,vanilla
-2.09912426976258,out-of-sample,vanilla
-2.12537635791537,out-of-sample,vanilla
-2.09805909602239,out-of-sample,vanilla
-2.06780128198377,out-of-sample,vanilla
-2.07200952399961,out-of-sample,vanilla
-2.07118080725914,out-of-sample,vanilla
-2.11176950162852,out-of-sample,vanilla
-2.1181167017641,out-of-sample,vanilla
-2.1431210076754,out-of-sample,vanilla
-2.16643769515872,out-of-sample,vanilla
-2.11787938151451,out-of-sample,vanilla
-2.13397860765381,out-of-sample,vanilla
-2.13643625917122,out-of-sample,vanilla
-2.12248393045923,out-of-sample,vanilla
-2.11583179760667,out-of-sample,vanilla
-2.10550218385101,out-of-sample,vanilla
-2.11272955109772,out-of-sample,vanilla
-2.06503714990048,out-of-sample,vanilla
-2.10802606798012,out-of-sample,vanilla
-2.09853799823612,out-of-sample,vanilla
-2.08919247665562,out-of-sample,vanilla
-2.08666700399794,out-of-sample,vanilla
-2.1063249242869,out-of-sample,vanilla
-2.07471672292023,out-of-sample,vanilla
-2.08054282996774,out-of-sample,vanilla
-2.0488713739485,out-of-sample,vanilla
-2.10440479570556,out-of-sample,vanilla
-2.07964825898631,out-of-sample,vanilla
-2.08416023227408,out-of-sample,vanilla
-2.08428484073063,out-of-sample,vanilla
-2.05239520354463,out-of-sample,vanilla
-2.03851940712324,out-of-sample,vanilla
-2.05297960786401,out-of-sample,vanilla
-2.05812918383356,out-of-sample,vanilla
-2.10319873061931,out-of-sample,vanilla
-2.05545951624676,out-of-sample,vanilla
-2.07974588213081,out-of-sample,vanilla
-2.08819392706872,out-of-sample,vanilla
-2.05205345625266,out-of-sample,vanilla
-2.06634201611009,out-of-sample,vanilla
-2.08092563825979,out-of-sample,vanilla
-2.0983570920425,out-of-sample,vanilla
-2.05429530251229,out-of-sample,vanilla
-2.08596228932287,out-of-sample,vanilla
-2.08449521071722,out-of-sample,vanilla
-2.08148394618582,out-of-sample,vanilla
-2.10056160744874,out-of-sample,vanilla
-2.0804251947196,out-of-sample,vanilla
-2.08458044422825,out-of-sample,vanilla
-2.0545488987029,out-of-sample,vanilla
-2.07299587535363,out-of-sample,vanilla
-2.07873759997765,out-of-sample,vanilla
-2.08747691096191,out-of-sample,vanilla
-2.0893910932059,out-of-sample,vanilla
-2.05176488873151,out-of-sample,vanilla
-2.09761250278865,out-of-sample,vanilla
-2.10205436896631,out-of-sample,vanilla
-2.09764459392285,out-of-sample,vanilla
-2.09033259106719,out-of-sample,vanilla
-2.10750611866955,out-of-sample,vanilla
-2.06656540005616,out-of-sample,vanilla
-2.03193037406455,out-of-sample,vanilla
-2.06868852695399,out-of-sample,vanilla
-2.0779639176372,out-of-sample,vanilla
-2.06878410528296,out-of-sample,vanilla
-2.08188556141282,out-of-sample,vanilla
-2.07014309467502,out-of-sample,vanilla
-2.0803026883132,out-of-sample,vanilla
-2.05209946394865,out-of-sample,vanilla
-2.0950032223379,out-of-sample,vanilla
-2.08242162262068,out-of-sample,vanilla
-2.13208664628002,out-of-sample,vanilla
-2.07151557482814,out-of-sample,vanilla
-2.08875223399331,out-of-sample,vanilla
-2.06031091162967,out-of-sample,vanilla
-2.04967553101758,out-of-sample,vanilla
-2.09783392913933,out-of-sample,vanilla
-2.13238915105764,out-of-sample,vanilla
-2.0999130029968,out-of-sample,vanilla
-2.07161344650453,out-of-sample,vanilla
-2.05671901382099,out-of-sample,vanilla
-2.07269223421474,out-of-sample,vanilla
-2.08240581310501,out-of-sample,vanilla
-2.04877818950884,out-of-sample,vanilla
-2.10079042184367,out-of-sample,vanilla
-2.11653913413385,out-of-sample,vanilla
-2.13902645981217,out-of-sample,vanilla
-2.16205114423504,out-of-sample,vanilla
-2.12552763060697,out-of-sample,vanilla
-2.11717320804137,out-of-sample,vanilla
-2.17986265778385,out-of-sample,vanilla
-2.08741210363591,out-of-sample,vanilla
-2.14527086716512,out-of-sample,vanilla
-2.10179642167941,out-of-sample,vanilla
-2.08742519079822,out-of-sample,vanilla
-2.0461850230304,out-of-sample,vanilla
-2.11495391745969,out-of-sample,vanilla
-2.08722645780031,out-of-sample,vanilla
-2.11769789126892,out-of-sample,vanilla
-2.08615569451212,out-of-sample,vanilla
-2.08629645270067,out-of-sample,vanilla
-2.11093101675784,out-of-sample,vanilla
-2.07181786781762,out-of-sample,vanilla
-2.06525919140658,out-of-sample,vanilla
-2.08193246578109,out-of-sample,vanilla
-2.09893003661484,out-of-sample,vanilla
-2.09180558549055,out-of-sample,vanilla
-2.08748027221719,out-of-sample,vanilla
-2.09451422174654,out-of-sample,vanilla
-2.14927670012157,out-of-sample,vanilla
-2.12053758995784,out-of-sample,vanilla
-2.09810181283713,out-of-sample,vanilla
-2.11895833223281,out-of-sample,vanilla
-2.13894156641391,out-of-sample,vanilla
-2.10616058845621,out-of-sample,vanilla
-2.09948154031648,out-of-sample,vanilla
-2.13612689451981,out-of-sample,vanilla
-2.15485320463644,out-of-sample,vanilla
-2.11305899833577,out-of-sample,vanilla
-2.09619019908141,out-of-sample,vanilla
-2.11949246433074,out-of-sample,vanilla
-2.11327423892594,out-of-sample,vanilla
-2.11131264865219,out-of-sample,vanilla
-2.12727312490264,out-of-sample,vanilla
-2.09804101995821,out-of-sample,vanilla
-2.05587697445929,out-of-sample,vanilla
-2.09789782951853,out-of-sample,vanilla
-2.12141154229455,out-of-sample,vanilla
-2.10350799823032,out-of-sample,vanilla
-2.11285239902077,out-of-sample,vanilla
-2.12504339202322,out-of-sample,vanilla
-2.09900308784176,out-of-sample,vanilla
-2.14442842744385,out-of-sample,vanilla
-2.09540792784093,out-of-sample,vanilla
-2.08889285584244,out-of-sample,vanilla
-2.09273063302371,out-of-sample,vanilla
-2.07679679603969,out-of-sample,vanilla
-2.08589777973222,out-of-sample,vanilla
-2.10873790237472,out-of-sample,vanilla
-2.1039601021801,out-of-sample,vanilla
-2.07918917683835,out-of-sample,vanilla
-2.08257171182535,out-of-sample,vanilla
-2.11361269215416,out-of-sample,vanilla
-2.10701980105468,out-of-sample,vanilla
-2.13067405032085,out-of-sample,vanilla
-2.11264858371085,out-of-sample,vanilla
-2.13485213427476,out-of-sample,vanilla
-2.08146802353564,out-of-sample,vanilla
-2.11107828569777,out-of-sample,vanilla
-2.0627957649509,out-of-sample,vanilla
-2.08896326815351,out-of-sample,vanilla
-2.07353370027233,out-of-sample,vanilla
-2.0851775219099,out-of-sample,vanilla
-2.04088918257765,out-of-sample,vanilla
-2.06736735150215,out-of-sample,vanilla
-2.05485120736639,out-of-sample,vanilla
-2.06936542668198,out-of-sample,vanilla
-2.09206935083761,out-of-sample,vanilla
-2.06344960607727,out-of-sample,vanilla
-2.06819072641356,out-of-sample,vanilla
-2.09621502904191,out-of-sample,vanilla
-2.11155231091333,out-of-sample,vanilla
-2.09529407269753,out-of-sample,vanilla
-2.1021152975574,out-of-sample,vanilla
-2.12201445447738,out-of-sample,vanilla
-2.13315837391751,out-of-sample,vanilla
-2.07338244564542,out-of-sample,vanilla
-2.09096291288596,out-of-sample,vanilla
-2.05950218522823,out-of-sample,vanilla
-2.06283904841839,out-of-sample,vanilla
-2.1049942942803,out-of-sample,vanilla
-2.07580492373738,out-of-sample,vanilla
-2.09092856076292,out-of-sample,vanilla
-2.06837283015523,out-of-sample,vanilla
-2.0805619419866,out-of-sample,vanilla
-2.08961091932492,out-of-sample,vanilla
-2.07567465136525,out-of-sample,vanilla
-2.05716242822294,out-of-sample,vanilla
-2.05909196312524,out-of-sample,vanilla
-2.09195305398295,out-of-sample,vanilla
-2.08277298560897,out-of-sample,vanilla
-2.08347634260104,out-of-sample,vanilla
-2.05592930297562,out-of-sample,vanilla
-2.09176092324837,out-of-sample,vanilla
-2.0768799619144,out-of-sample,vanilla
-2.04496983426969,out-of-sample,vanilla
-2.08422846120978,out-of-sample,vanilla
-2.11303749651773,out-of-sample,vanilla
-2.06876512229608,out-of-sample,vanilla
-2.05393648048115,out-of-sample,vanilla
-2.06753786717249,out-of-sample,vanilla
-2.03807405681897,out-of-sample,vanilla
-2.08488695785496,out-of-sample,vanilla
-2.06024814436003,out-of-sample,vanilla
-2.06563438521005,out-of-sample,vanilla
-2.06884567042987,out-of-sample,vanilla
-2.08488804850767,out-of-sample,vanilla
-2.07638711146629,out-of-sample,vanilla
-2.09081502866995,out-of-sample,vanilla
-2.10682415929021,out-of-sample,vanilla
-2.08507294590031,out-of-sample,vanilla
-2.07820421797181,out-of-sample,vanilla
-2.08547181723042,out-of-sample,vanilla
-2.08486532643314,out-of-sample,vanilla
-2.05916083273324,out-of-sample,vanilla
-2.07691655681889,out-of-sample,vanilla
-2.05736235878108,out-of-sample,vanilla
-2.09638086254688,out-of-sample,vanilla
-2.09972426863626,out-of-sample,vanilla
-2.06399769760749,out-of-sample,vanilla
-2.09879270728969,out-of-sample,vanilla
-2.10269454517216,out-of-sample,vanilla
-2.05526256291929,out-of-sample,vanilla
-2.09541065983889,out-of-sample,vanilla
-2.04923800362904,out-of-sample,vanilla
-2.08501635316212,out-of-sample,vanilla
-2.08279706511638,out-of-sample,vanilla
-2.06847256996115,out-of-sample,vanilla
-2.07063559991411,out-of-sample,vanilla
-2.06065328026589,out-of-sample,vanilla
-2.10894378122309,out-of-sample,vanilla
-2.09339366894069,out-of-sample,vanilla
-2.11358144664622,out-of-sample,vanilla
-2.05526432500742,out-of-sample,vanilla
-2.04655756543178,out-of-sample,vanilla
-2.09046067016144,out-of-sample,vanilla
-2.12824393353956,out-of-sample,vanilla
-2.07034197797118,out-of-sample,vanilla
-2.06768907170083,out-of-sample,vanilla
-2.09420405856615,out-of-sample,vanilla
-2.06979130309469,out-of-sample,vanilla
-2.0825314744431,out-of-sample,vanilla
-2.08965160118122,out-of-sample,vanilla
-2.12352836095483,out-of-sample,vanilla
-2.10320538665329,out-of-sample,vanilla
-2.1041667510602,out-of-sample,vanilla
-2.07076277132328,out-of-sample,vanilla
-2.08457812869167,out-of-sample,vanilla
-2.07969289030456,out-of-sample,vanilla
-2.08848084498409,out-of-sample,vanilla
-2.09884137393684,out-of-sample,vanilla
-2.08998219842795,out-of-sample,vanilla
-2.10058110329466,out-of-sample,vanilla
-2.09978156549334,out-of-sample,vanilla
-2.12497176108535,out-of-sample,vanilla
-2.07980756988938,out-of-sample,vanilla
-2.09348297785162,out-of-sample,vanilla
-2.14254245332744,out-of-sample,vanilla
-2.10931685151049,out-of-sample,vanilla
-2.12142078985555,out-of-sample,vanilla
-2.11685665868382,out-of-sample,vanilla
-2.13297968219087,out-of-sample,vanilla
-2.11216020060811,out-of-sample,vanilla
-2.06370793001133,out-of-sample,vanilla
-2.09752413878091,out-of-sample,vanilla
-2.12293501663013,out-of-sample,vanilla
-2.09710571515376,out-of-sample,vanilla
-2.08811096815627,out-of-sample,vanilla
-2.08798167891777,out-of-sample,vanilla
-2.0705505941361,out-of-sample,vanilla
-2.09866517222846,out-of-sample,vanilla
-2.05694557745366,out-of-sample,vanilla
-2.05879507012118,out-of-sample,vanilla
-2.0751293371766,out-of-sample,vanilla
-2.11248861337369,out-of-sample,vanilla
-2.14417962304495,out-of-sample,vanilla
-2.12912449588209,out-of-sample,vanilla
-2.11702816780925,out-of-sample,vanilla
-2.09078910056834,out-of-sample,vanilla
-2.09884198081701,out-of-sample,vanilla
-2.08302775241313,out-of-sample,vanilla
-2.12381532938304,out-of-sample,vanilla
-2.09900420177128,out-of-sample,vanilla
-2.1116730572513,out-of-sample,vanilla
-2.09233420687389,out-of-sample,vanilla
-2.11362684810979,out-of-sample,vanilla
-2.12861128638434,out-of-sample,vanilla
-2.14693635208164,out-of-sample,vanilla
-2.10444269075482,out-of-sample,vanilla
-2.05304246557073,out-of-sample,vanilla
-2.05897746519205,out-of-sample,vanilla
-2.04781813641429,out-of-sample,vanilla
-2.06768551797533,out-of-sample,vanilla
-2.0689714186776,out-of-sample,vanilla
-2.14070741228115,out-of-sample,vanilla
-2.11004808811751,out-of-sample,vanilla
-2.07683292560922,out-of-sample,vanilla
-2.07402934342494,out-of-sample,vanilla
-2.08991848177612,out-of-sample,vanilla
-2.09320673245384,out-of-sample,vanilla
-2.07989925296299,out-of-sample,vanilla
-2.0809578119282,out-of-sample,vanilla
-2.06689408045227,out-of-sample,vanilla
-2.09535031479221,out-of-sample,vanilla
-2.10424415273391,out-of-sample,vanilla
-2.10138942621563,out-of-sample,vanilla
-2.09389781755222,out-of-sample,vanilla
-2.07844185844854,out-of-sample,vanilla
-2.06602903599344,out-of-sample,vanilla
-2.09922575618048,out-of-sample,vanilla
-2.07167459105981,out-of-sample,vanilla
-2.13715281865363,out-of-sample,vanilla
-2.08527019145054,out-of-sample,vanilla
-2.09620161636344,out-of-sample,vanilla
-2.09745059623291,out-of-sample,vanilla
-2.09050554231346,out-of-sample,vanilla
-2.10617414430849,out-of-sample,vanilla
-2.08453666041775,out-of-sample,vanilla
-2.11017346601818,out-of-sample,vanilla
-2.08525947831279,out-of-sample,vanilla
-2.12635220766489,out-of-sample,vanilla
-2.09503760282741,out-of-sample,vanilla
-2.07525699192315,out-of-sample,vanilla
-2.11999269684417,out-of-sample,vanilla
-2.11194414361967,out-of-sample,vanilla
-2.13899337985931,out-of-sample,vanilla
-2.1363641221358,out-of-sample,vanilla
-2.1400904346375,out-of-sample,vanilla
-2.10265184344074,out-of-sample,vanilla
-2.10409965015518,out-of-sample,vanilla
-2.1954986579167,out-of-sample,vanilla
-2.14616451700424,out-of-sample,vanilla
-2.130520001983,out-of-sample,vanilla
-2.17136372363472,out-of-sample,vanilla
-2.15260330471352,out-of-sample,vanilla
-2.09842776226801,out-of-sample,vanilla
-2.12208200726769,out-of-sample,vanilla
-2.11337407853916,out-of-sample,vanilla
-2.14427218809223,out-of-sample,vanilla
-2.08825257474053,out-of-sample,vanilla
-2.0824815175929,out-of-sample,vanilla
-2.0926337891465,out-of-sample,vanilla
-2.13817956011479,out-of-sample,vanilla
-2.08810153827412,out-of-sample,vanilla
-2.12752573293676,out-of-sample,vanilla
-2.12381518648588,out-of-sample,vanilla
-2.07558250363842,out-of-sample,vanilla
-2.06568901229938,out-of-sample,vanilla
-2.0727296031429,out-of-sample,vanilla
-2.13333946490652,out-of-sample,vanilla
-2.05711670042723,out-of-sample,vanilla
-2.08857495093732,out-of-sample,vanilla
-2.08351125553344,out-of-sample,vanilla
-2.09579611197912,out-of-sample,vanilla
-2.07585109205861,out-of-sample,vanilla
-2.0957267719705,out-of-sample,vanilla
-2.16695097127606,out-of-sample,vanilla
-2.13507150214376,out-of-sample,vanilla
-2.11927056682234,out-of-sample,vanilla
-2.11868719591278,out-of-sample,vanilla
-2.11231164576363,out-of-sample,vanilla
-2.13063523135463,out-of-sample,vanilla
-2.08918362733535,out-of-sample,vanilla
-2.16207131466302,out-of-sample,vanilla
-2.12676903917439,out-of-sample,vanilla
-2.14614029444426,out-of-sample,vanilla
-2.12860774632062,out-of-sample,vanilla
-2.10901697734318,out-of-sample,vanilla
-2.12767675935702,out-of-sample,vanilla
-2.10733709028869,out-of-sample,vanilla
-2.07795552243128,out-of-sample,vanilla
-2.09111363963943,out-of-sample,vanilla
-2.08494263993682,out-of-sample,vanilla
-2.13982160874352,out-of-sample,vanilla
-2.09443637709,out-of-sample,vanilla
-2.11618283729841,out-of-sample,vanilla
-2.11526371852389,out-of-sample,vanilla
-2.07857864568567,out-of-sample,vanilla
-2.10014115447375,out-of-sample,vanilla
-2.07746284951973,out-of-sample,vanilla
-2.12318658869556,out-of-sample,vanilla
-2.11388317379803,out-of-sample,vanilla
-2.09456070288997,out-of-sample,vanilla
-2.12284519580759,out-of-sample,vanilla
-2.10734271079804,out-of-sample,vanilla
-2.10005552505535,out-of-sample,vanilla
-2.12760410701711,out-of-sample,vanilla
-2.14959140924019,out-of-sample,vanilla
-2.14152390729028,out-of-sample,vanilla
-2.11368969576066,out-of-sample,vanilla
-2.08764749313962,out-of-sample,vanilla
-2.07025626834032,out-of-sample,vanilla
-2.11513455481214,out-of-sample,vanilla
-2.11503342861886,out-of-sample,vanilla
-2.08937751551038,out-of-sample,vanilla
-2.11868333883615,out-of-sample,vanilla
-2.15183686055998,out-of-sample,vanilla
-2.12191341428518,out-of-sample,vanilla
-2.12992001123143,out-of-sample,vanilla
-2.10241195958086,out-of-sample,vanilla
-2.11969789382889,out-of-sample,vanilla
-2.11464541150618,out-of-sample,vanilla
-2.09147811139365,out-of-sample,vanilla
-2.08154762539567,out-of-sample,vanilla
-2.13973109532832,out-of-sample,vanilla
-2.16022184438167,out-of-sample,vanilla
-2.18186933303063,out-of-sample,vanilla
-2.12226588591822,out-of-sample,vanilla
-2.12458398206716,out-of-sample,vanilla
-2.12862224385029,out-of-sample,vanilla
-2.14160891886404,out-of-sample,vanilla
-2.09377728832264,out-of-sample,vanilla
-2.11502717864048,out-of-sample,vanilla
-2.07909269874964,out-of-sample,vanilla
-2.1117658774415,out-of-sample,vanilla
-2.08817387630868,out-of-sample,vanilla
-2.09351206865251,out-of-sample,vanilla
-2.1341328498602,out-of-sample,vanilla
-2.16487326949581,out-of-sample,vanilla
-2.13234404162902,out-of-sample,vanilla
-2.10200620556461,out-of-sample,vanilla
-2.10061748885851,out-of-sample,vanilla
-2.08932742067496,out-of-sample,vanilla
-2.09271267242791,out-of-sample,vanilla
-2.1261042244652,out-of-sample,vanilla
-2.13990126501797,out-of-sample,vanilla
-2.08791371686483,out-of-sample,vanilla
-2.12666645283543,out-of-sample,vanilla
-2.11664368914498,out-of-sample,vanilla
-2.12553738776096,out-of-sample,vanilla
-2.08836244045142,out-of-sample,vanilla
-2.15826834483046,out-of-sample,vanilla
-2.1276686621465,out-of-sample,vanilla
-2.14222311340737,out-of-sample,vanilla
-2.12055822148136,out-of-sample,vanilla
-2.13129185357042,out-of-sample,vanilla
-2.11826077059596,out-of-sample,vanilla
-2.12624713453957,out-of-sample,vanilla
-2.10469203676724,out-of-sample,vanilla
-2.1212767825458,out-of-sample,vanilla
-2.12959594639791,out-of-sample,vanilla
-2.10371747630857,out-of-sample,vanilla
-2.12949494462232,out-of-sample,vanilla
-2.11285063297792,out-of-sample,vanilla
-2.09448580946203,out-of-sample,vanilla
-2.1065897195037,out-of-sample,vanilla
-2.10743092962766,out-of-sample,vanilla
-2.04489351064093,out-of-sample,vanilla
-2.05585974633317,out-of-sample,vanilla
-2.08468071064111,out-of-sample,vanilla
-2.11776969799473,out-of-sample,vanilla
-2.12732125156188,out-of-sample,vanilla
-2.10171226434289,out-of-sample,vanilla
-2.07461891993066,out-of-sample,vanilla
-2.11588752652077,out-of-sample,vanilla
-2.10246413470261,out-of-sample,vanilla
-2.12507621499021,out-of-sample,vanilla
-2.10692317529452,out-of-sample,vanilla
-2.12032379841142,out-of-sample,vanilla
-2.12630541078786,out-of-sample,vanilla
-2.12177627943957,out-of-sample,vanilla
-2.08980135109528,out-of-sample,vanilla
-2.10565466000067,out-of-sample,vanilla
-2.10308922576169,out-of-sample,vanilla
-2.10001539940631,out-of-sample,vanilla
-2.10746674086173,out-of-sample,vanilla
-2.10678397639319,out-of-sample,vanilla
-2.12463042540199,out-of-sample,vanilla
-2.12047290629693,out-of-sample,vanilla
-2.12473768640494,out-of-sample,vanilla
-2.10634950296791,out-of-sample,vanilla
-2.10366527106253,out-of-sample,vanilla
-2.14588785294829,out-of-sample,vanilla
-2.09067906620363,out-of-sample,vanilla
-2.08245685295198,out-of-sample,vanilla
-2.08168079324304,out-of-sample,vanilla
-2.09965558825533,out-of-sample,vanilla
-2.09089293297331,out-of-sample,vanilla
-2.07012103152213,out-of-sample,vanilla
-2.08332829822103,out-of-sample,vanilla
-2.10445169215702,out-of-sample,vanilla
-2.09383688083522,out-of-sample,vanilla
-2.09580901956303,out-of-sample,vanilla
-2.11989661747391,out-of-sample,vanilla
-2.12965911512702,out-of-sample,vanilla
-2.16637974504283,out-of-sample,vanilla
-2.1369775368336,out-of-sample,vanilla
-2.14047663617576,out-of-sample,vanilla
-2.16714941884746,out-of-sample,vanilla
-2.14879655494621,out-of-sample,vanilla
-2.13713351207974,out-of-sample,vanilla
-2.11820278536793,out-of-sample,vanilla
-2.10386952778614,out-of-sample,vanilla
-2.07525391000463,out-of-sample,vanilla
-2.08710536746817,out-of-sample,vanilla
-2.07584083025264,out-of-sample,vanilla
-2.13863632740301,out-of-sample,vanilla
-2.09945362796447,out-of-sample,vanilla
-2.13361082282245,out-of-sample,vanilla
-2.09138365755995,out-of-sample,vanilla
-2.10155537387742,out-of-sample,vanilla
-2.12861809269638,out-of-sample,vanilla
-2.11770011938713,out-of-sample,vanilla
-2.10088925977901,out-of-sample,vanilla
-2.12896291571168,out-of-sample,vanilla
-2.12351518929806,out-of-sample,vanilla
-2.14367644406117,out-of-sample,vanilla
-2.12848688649421,out-of-sample,vanilla
-2.11873618802394,out-of-sample,vanilla
-2.13277494201775,out-of-sample,vanilla
-2.11326023693908,out-of-sample,vanilla
-2.13267592000303,out-of-sample,vanilla
-2.12551779461825,out-of-sample,vanilla
-2.13337406846089,out-of-sample,vanilla
-2.13560346125086,out-of-sample,vanilla
-2.13858204525983,out-of-sample,vanilla
-2.11669591469346,out-of-sample,vanilla
-2.11643486045028,out-of-sample,vanilla
-2.09014527421134,out-of-sample,vanilla
-2.09688910264637,out-of-sample,vanilla
-2.11545054243054,out-of-sample,vanilla
-2.12565116082507,out-of-sample,vanilla
-2.08882179773306,out-of-sample,vanilla
-2.15757145453679,out-of-sample,vanilla
-2.15502147094557,out-of-sample,vanilla
-2.11421974120633,out-of-sample,vanilla
-2.14533320884465,out-of-sample,vanilla
-2.12840271005422,out-of-sample,vanilla
-2.08716834556906,out-of-sample,vanilla
-2.11794518042068,out-of-sample,vanilla
-2.13113231730219,out-of-sample,vanilla
-2.16465663200845,out-of-sample,vanilla
-2.19160662730792,out-of-sample,vanilla
-2.15009334188099,out-of-sample,vanilla
-2.11469760637618,out-of-sample,vanilla
-2.05902202827516,out-of-sample,vanilla
-2.13446954495576,out-of-sample,vanilla
-2.12595142642237,out-of-sample,vanilla
-2.06860724170739,out-of-sample,vanilla
-2.09065808993765,out-of-sample,vanilla
-2.08486986924807,out-of-sample,vanilla
-2.08731445000774,out-of-sample,vanilla
-2.07973203895049,out-of-sample,vanilla
-2.07858817320983,out-of-sample,vanilla
-2.04027597590285,out-of-sample,vanilla
-2.09694548788087,out-of-sample,vanilla
-2.10859758557222,out-of-sample,vanilla
-2.09333408130023,out-of-sample,vanilla
-2.09767300546583,out-of-sample,vanilla
-2.09573676215926,out-of-sample,vanilla
-2.12656340620469,out-of-sample,vanilla
-2.06223704271988,out-of-sample,vanilla
-2.08930129832164,out-of-sample,vanilla
-2.06686173970829,out-of-sample,vanilla
-2.09838402375329,out-of-sample,vanilla
-2.05470743649626,out-of-sample,vanilla
-2.05590922020876,out-of-sample,vanilla
-2.07124144337033,out-of-sample,vanilla
-2.11139439252484,out-of-sample,vanilla
-2.0980048805811,out-of-sample,vanilla
-2.15060204528176,out-of-sample,vanilla
-2.10772020549788,out-of-sample,vanilla
-2.08915604190452,out-of-sample,vanilla
-2.08752219611534,out-of-sample,vanilla
-2.09628512595014,out-of-sample,vanilla
-2.13404001562843,out-of-sample,vanilla
-2.06801196843017,out-of-sample,vanilla
-2.05090763225869,out-of-sample,vanilla
-2.08940611883263,out-of-sample,vanilla
-2.06773573005585,out-of-sample,vanilla
-2.08246576565805,out-of-sample,vanilla
-2.0967782952142,out-of-sample,vanilla
-2.08551275429019,out-of-sample,vanilla
-2.07636713027827,out-of-sample,vanilla
-2.08125265314942,out-of-sample,vanilla
-2.09751139778497,out-of-sample,vanilla
-2.10875390679116,out-of-sample,vanilla
-2.17869000272783,out-of-sample,vanilla
-2.13896477631765,out-of-sample,vanilla
-2.10035542428105,out-of-sample,vanilla
-2.13761017448785,out-of-sample,vanilla
-2.11721920746981,out-of-sample,vanilla
-2.12291391263483,out-of-sample,vanilla
-2.10826588890287,out-of-sample,vanilla
-2.10472771834345,out-of-sample,vanilla
-2.08776571918651,out-of-sample,vanilla
-2.10963016279987,out-of-sample,vanilla
-2.11956769038304,out-of-sample,vanilla
-2.07206832199566,out-of-sample,vanilla
-2.09621506747435,out-of-sample,vanilla
-2.0746178575531,out-of-sample,vanilla
-2.06757815448366,out-of-sample,vanilla
-2.07826408688093,out-of-sample,vanilla
-2.10446381700149,out-of-sample,vanilla
-2.0602163066016,out-of-sample,vanilla
-2.10098799809601,out-of-sample,vanilla
-2.08064645772589,out-of-sample,vanilla
-2.07337499712175,out-of-sample,vanilla
-2.14049956604118,out-of-sample,vanilla
-2.0719318687854,out-of-sample,vanilla
-2.08413964376861,out-of-sample,vanilla
-2.11690482201024,out-of-sample,vanilla
-2.15116784714059,out-of-sample,vanilla
-2.07764455344335,out-of-sample,vanilla
-2.09348352245385,out-of-sample,vanilla
-2.08139857950332,out-of-sample,vanilla
-2.07402808216501,out-of-sample,vanilla
-2.08774260499506,out-of-sample,vanilla
-2.07190057008018,out-of-sample,vanilla
-2.07574833799691,out-of-sample,vanilla
-2.05936383464749,out-of-sample,vanilla
-2.09369140500872,out-of-sample,vanilla
-2.08781040385411,out-of-sample,vanilla
-2.08797635247289,out-of-sample,vanilla
-2.07588014563779,out-of-sample,vanilla
-2.09995921564131,out-of-sample,vanilla
-2.11460031814073,out-of-sample,vanilla
-2.08744229870843,out-of-sample,vanilla
-2.14663381730553,out-of-sample,vanilla
-2.0879476240508,out-of-sample,vanilla
-2.1292453268751,out-of-sample,vanilla
-2.06062194198257,out-of-sample,vanilla
-2.11634911410099,out-of-sample,vanilla
-2.10184083796786,out-of-sample,vanilla
-2.10949237920832,out-of-sample,vanilla
-2.10556821731493,out-of-sample,vanilla
-2.10992275279059,out-of-sample,vanilla
-2.11798526773503,out-of-sample,vanilla
-2.06793518710451,out-of-sample,vanilla
-2.10849572752025,out-of-sample,vanilla
-2.11510279145422,out-of-sample,vanilla
-2.08795728827011,out-of-sample,vanilla
-2.09984274551068,out-of-sample,vanilla
-2.09237863008911,out-of-sample,vanilla
-2.09572683694964,out-of-sample,vanilla
-2.11368466668347,out-of-sample,vanilla
-2.12886307147904,out-of-sample,vanilla
-2.08989322481033,out-of-sample,vanilla
-2.11506909470544,out-of-sample,vanilla
-2.09221170201516,out-of-sample,vanilla
-2.09111311410462,out-of-sample,vanilla
-2.07960146512013,out-of-sample,vanilla
-2.08678013638775,out-of-sample,vanilla
-2.12160746085016,out-of-sample,vanilla
-2.09524431322158,out-of-sample,vanilla
-2.08465045156584,out-of-sample,vanilla
-2.12542540558749,out-of-sample,vanilla
-2.12921452252582,out-of-sample,vanilla
-2.12198974745521,out-of-sample,vanilla
-2.17787401892552,out-of-sample,vanilla
-2.17571677314672,out-of-sample,vanilla
-2.19763478334706,out-of-sample,vanilla
-2.17451801847487,out-of-sample,vanilla
-2.12742674914288,out-of-sample,vanilla
-2.14374310643685,out-of-sample,vanilla
-2.11088637150092,out-of-sample,vanilla
-2.11858669522245,out-of-sample,vanilla
-2.0806920937435,out-of-sample,vanilla
-2.11813754186498,out-of-sample,vanilla
-2.12971933857705,out-of-sample,vanilla
-2.08749641011612,out-of-sample,vanilla
-2.10968848316891,out-of-sample,vanilla
-2.083286846581,out-of-sample,vanilla
-2.10967081831879,out-of-sample,vanilla
-2.12574610639809,out-of-sample,vanilla
-2.13616934099183,out-of-sample,vanilla
-2.10804883018598,out-of-sample,vanilla
-2.13594321585239,out-of-sample,vanilla
-2.091125314845,out-of-sample,vanilla
-2.06357747869835,out-of-sample,vanilla
-2.11551240231501,out-of-sample,vanilla
-2.08422675009572,out-of-sample,vanilla
-2.10373466966357,out-of-sample,vanilla
-2.12961318630061,out-of-sample,vanilla
-2.11823365638597,out-of-sample,vanilla
-2.14113594799984,out-of-sample,vanilla
-2.10624731030426,out-of-sample,vanilla
-2.12894493887911,out-of-sample,vanilla
-2.11540167998499,out-of-sample,vanilla
-2.11658822172624,out-of-sample,vanilla
-2.13371965167187,out-of-sample,vanilla
-2.12682108866285,out-of-sample,vanilla
-2.11494505564042,out-of-sample,vanilla
-2.11372028552757,out-of-sample,vanilla
-2.15631879466043,out-of-sample,vanilla
-2.15793228811726,out-of-sample,vanilla
-2.12509257849413,out-of-sample,vanilla
-2.1173331488447,out-of-sample,vanilla
-2.12526117583001,out-of-sample,vanilla
-2.11225675773123,out-of-sample,vanilla
-2.08995897118458,out-of-sample,vanilla
-2.06878535468763,out-of-sample,vanilla
-2.09235741120885,out-of-sample,vanilla
-2.10110221139056,out-of-sample,vanilla
-2.1151123611923,out-of-sample,vanilla
-2.1814512230131,out-of-sample,vanilla
-2.14095403126732,out-of-sample,vanilla
-2.09916641108814,out-of-sample,vanilla
-2.09571968642302,out-of-sample,vanilla
-2.08340346114042,out-of-sample,vanilla
-2.10017280518637,out-of-sample,vanilla
-2.11817794683413,out-of-sample,vanilla
-2.08107053808404,out-of-sample,vanilla
-2.06283642612467,out-of-sample,vanilla
-2.10710818857253,out-of-sample,vanilla
-2.08242091998043,out-of-sample,vanilla
-2.12275769922893,out-of-sample,vanilla
-2.08961732097649,out-of-sample,vanilla
-2.09941298084254,out-of-sample,vanilla
-2.10694718231031,out-of-sample,vanilla
-2.08314027433828,out-of-sample,vanilla
-2.07408933191434,out-of-sample,vanilla
-2.07551741601914,out-of-sample,vanilla
-2.10098628886636,out-of-sample,vanilla
-2.15247587802591,out-of-sample,vanilla
-2.08278464966353,out-of-sample,vanilla
-2.0912716549587,out-of-sample,vanilla
-2.06797017782862,out-of-sample,vanilla
-2.10328482358303,out-of-sample,vanilla
-2.14414045995839,out-of-sample,vanilla
-2.11231295310195,out-of-sample,vanilla
-2.11353906166838,out-of-sample,vanilla
-2.10904984989313,out-of-sample,vanilla
-2.07011291255871,out-of-sample,vanilla
-2.14816451527363,out-of-sample,vanilla
-2.13143176694001,out-of-sample,vanilla
-2.09041888943897,out-of-sample,vanilla
-2.13998885771936,out-of-sample,vanilla
-2.11900030179711,out-of-sample,vanilla
-2.13961683246468,out-of-sample,vanilla
-2.12749396769388,out-of-sample,vanilla
-2.12310209490165,out-of-sample,vanilla
-2.12339140436379,out-of-sample,vanilla
-2.07965303659795,out-of-sample,vanilla
-2.09737443836812,out-of-sample,vanilla
-2.10745439818664,out-of-sample,vanilla
-2.08491000152869,out-of-sample,vanilla
-2.08712606638703,out-of-sample,vanilla
-2.11209041038559,out-of-sample,vanilla
-2.10459406751987,out-of-sample,vanilla
-2.15701296942458,out-of-sample,vanilla
-2.10371937875445,out-of-sample,vanilla
-2.0593315454469,out-of-sample,vanilla
-2.08964266606808,out-of-sample,vanilla
-2.11419372034992,out-of-sample,vanilla
-2.09674923221008,out-of-sample,vanilla
-2.12738062600989,out-of-sample,vanilla
-2.12802996250503,out-of-sample,vanilla
-2.08414447519171,out-of-sample,vanilla
-2.14847767513368,out-of-sample,vanilla
-2.17931795606724,out-of-sample,vanilla
-2.14815560224548,out-of-sample,vanilla
